MeshAnim
1
115
52
30
0.9967856 0.03657651 -0.07127812 0
-0.04416037 0.9931797 -0.1079066 0
0.06684514 0.1107074 0.9916025 0
-0.1892462 -0.5329501 -5.224843 1

0.9997094 -0.02149208 0.01092278 0
0.01818153 0.9696444 0.2438425 0
-0.0158319 -0.243573 0.9697533 0
-0.1944488 -0.4357511 -5.247721 1

0.9910744 0.07436167 -0.1106431 0
-0.121821 0.8422579 -0.5251297 0
0.05414055 0.5339212 0.8437991 0
-0.09539248 -0.595784 -5.224713 1

0.9293044 -0.2825757 0.2377905 0
0.3608572 0.8317648 -0.4218404 0
-0.0785839 0.4778266 0.8749322 0
-0.277295 -0.6024588 -5.211706 1

0.9987696 -0.03280089 0.03719441 0
0.01716155 0.9322821 0.3613246 0
-0.04652745 -0.3602417 0.931698 0
-0.192105 -0.3193673 -5.233118 1

0.9879037 0.1499083 0.03967118 0
-0.152176 0.8880284 0.4338754 0
0.02981239 -0.4346642 0.900099 0
-0.04379229 -0.9402676 -5.016147 1

0.9227195 -0.3763253 0.08347423 0
0.3252022 0.8762435 0.3555853 0
-0.2069595 -0.3009595 0.9309087 0
-0.4256539 -0.9418963 -5.045563 1

0.9969919 -0.04715673 0.06151103 0
0.01245869 0.8808014 0.473322 0
-0.07649932 -0.4711317 0.8787393 0
-0.1890563 -0.1889533 -5.199998 1

0.9999063 1.862645E-08 0.01369278 0
3.72529E-09 0.9999999 -1.396984E-07 0
-0.01369278 1.294538E-07 0.9999062 0
0.01716317 -1.305076 -5.217223 1

0.9976007 1.788139E-07 0.06923125 0
-1.788139E-07 1 3.003515E-08 0
-0.06923121 -4.656613E-09 0.9976007 0
-0.5558788 -1.305067 -5.21403 1

0.9969121 -0.07844529 -0.003556363 0
0.06892671 0.8524513 0.518243 0
-0.03762209 -0.5168879 0.855226 0
-0.1877903 -0.06028259 -5.121878 1

0.9932172 0.03516416 0.1108306 0
-0.08353944 0.8788002 0.4698207 0
-0.08087708 -0.4758927 0.8757769 0
-0.2493356 -0.1091534 -5.154432 1

0.9983226 -0.05788917 -0.001028106 0
0.05144442 0.8787531 0.4744959 0
-0.02656472 -0.4737527 0.880257 0
-0.1275877 -0.1149112 -5.14692 1

0.9999063 1.862645E-08 0.01369277 0
3.72529E-09 0.9999999 -4.169997E-07 0
-0.0136928 3.902242E-07 0.9999061 0
0.01916556 -1.409998 -5.090777 1

0.9976007 5.587935E-08 0.06923126 0
0.004228931 0.9981326 -0.06093783 0
-0.06910197 0.06108442 0.9957379 0
-0.5683547 -1.409989 -5.088185 1

0.983411 -0.06956491 -0.1675221 0
0.08472551 0.9927624 0.08511449 0
0.1603887 -0.09789588 0.9821873 0
-0.181858 0.01146317 -5.041511 1

0.5902224 0.7408543 0.3205813 0
-0.795724 0.4671116 0.3855259 0
0.1358713 -0.4826402 0.8652152 0
-0.3727018 -0.1035628 -5.192485 1

0.2218488 -0.9088584 0.3532132 0
0.4270276 0.4162132 0.802754 0
-0.8766016 -0.02725821 0.480444 0
-0.0006955266 -0.112253 -5.171207 1

-0.5026658 -0.1542487 -0.8506084 0
-0.7957239 0.4671117 0.385526 0
0.3378624 0.8706399 -0.3575404 0
-0.5344507 -0.3065914 -5.280339 1

-0.9001549 0.2799478 0.3336925 0
0.4270277 0.4162132 0.802754 0
0.08584198 0.8650987 -0.4942018 0
0.06010157 -0.3613225 -5.07441 1

-0.3547537 0.2477006 -0.9015512 0
-0.404669 0.8285894 0.3868887 0
0.8428481 0.5020801 -0.1937083 0
-0.3956425 -0.2639962 -5.045448 1

-0.740316 0.304254 0.5994678 0
0.5068192 0.8384466 0.200354 0
-0.4416632 0.4521471 -0.7749172 0
-0.1884713 -0.2840163 -4.982262 1

-0.2486278 0.8397939 0.4826289 0
0.2842517 -0.4130746 0.8651997 0
0.9259512 0.3523009 -0.136011 0
-0.3503207 -0.2956411 -4.930271 1

-0.1309395 0.2504912 -0.9592233 0
0.1311579 0.9634259 0.2336848 0
0.9826763 -0.09521101 -0.1590044 0
-0.3481209 -0.2762587 -5.025492 1

-0.2485176 0.8396904 0.4828658 0
0.284321 -0.4133089 0.8650651 0
0.9259595 0.3522727 -0.1360269 0
-0.3274031 -0.2821313 -4.941222 1

-0.2485176 0.8396904 0.4828658 0
0.284321 -0.4133089 0.8650651 0
0.9259595 0.3522727 -0.1360269 0
-0.3712734 -0.3051317 -4.931605 1

-0.1849475 0.8661379 0.4643272 0
0.282391 -0.4057136 0.8692825 0
0.9413024 0.2918934 -0.1695537 0
-0.3958607 -0.3166189 -4.938827 1

-0.2716335 -0.9326779 -0.2373351 0
-0.7560408 0.05420724 0.6522764 0
-0.5954983 0.356615 -0.7198665 0
-0.2830505 -0.245146 -4.905677 1

-0.7825432 0.2386519 0.5750405 0
0.02551047 0.935132 -0.3533801 0
-0.6220735 -0.2618656 -0.7378693 0
-0.2407667 -0.2770793 -4.987163 1

-0.2716335 -0.9326779 -0.2373351 0
-0.7560408 0.05420724 0.6522764 0
-0.5954983 0.356615 -0.7198665 0
-0.2929212 -0.2358772 -4.931061 1

-0.2716335 -0.9326779 -0.2373351 0
-0.7560408 0.05420724 0.6522764 0
-0.5954983 0.356615 -0.7198665 0
-0.2685573 -0.2569979 -4.892248 1

-0.2716335 -0.9326779 -0.2373351 0
-0.7560408 0.05420724 0.6522764 0
-0.5954983 0.356615 -0.7198665 0
-0.2495014 -0.2740933 -4.880703 1

0.4272035 -0.4949702 0.7566386 0
0.07661261 -0.8140194 -0.5757633 0
0.9009042 0.3039362 -0.3098308 0
-0.3413354 -0.3259909 -4.947713 1

0.8083666 0.01890785 -0.5883758 0
0.3746511 0.7544156 0.5389747 0
0.4540709 -0.6561248 0.6027605 0
-0.3252389 -0.3079296 -4.998569 1

0.4272035 -0.4949704 0.7566386 0
0.0766128 -0.8140193 -0.5757633 0
0.9009041 0.3039362 -0.3098308 0
-0.3177305 -0.3148116 -4.960014 1

0.4272035 -0.4949704 0.7566386 0
0.0766128 -0.8140193 -0.5757633 0
0.9009041 0.3039362 -0.3098308 0
-0.3623234 -0.3353704 -4.948994 1

0.4272035 -0.4949701 0.7566388 0
0.07661293 -0.8140192 -0.5757632 0
0.9009041 0.3039363 -0.3098308 0
-0.3882098 -0.3524479 -4.958035 1

0.8625249 0.1153601 -0.49269 0
-0.018639 -0.9657628 -0.2587572 0
-0.5056717 0.2323676 -0.8308438 0
-0.2928674 -0.2788527 -4.914255 1

-0.4010161 0.4606837 0.791806 0
-0.7226148 0.3721719 -0.5825084 0
-0.5630403 -0.8057659 0.1836499 0
-0.2832705 -0.2937082 -4.974186 1

0.8625249 0.1153601 -0.49269 0
-0.018639 -0.9657628 -0.2587572 0
-0.5056717 0.2323676 -0.8308438 0
-0.3034933 -0.2721765 -4.940298 1

0.8625249 0.1153601 -0.49269 0
-0.018639 -0.9657628 -0.2587572 0
-0.5056717 0.2323676 -0.8308438 0
-0.2783395 -0.2905854 -4.900795 1

0.8625249 0.1153601 -0.49269 0
-0.018639 -0.9657628 -0.2587572 0
-0.5056717 0.2323676 -0.8308438 0
-0.2607382 -0.3126748 -4.890522 1

0.4173254 -0.9083096 0.02851955 0
-0.3099184 -0.1717542 -0.9351209 0
0.8542778 0.381411 -0.3531792 0
-0.3561158 -0.3088661 -4.97389 1

0.9482503 -0.2540956 -0.1904131 0
0.314451 0.6682466 0.674216 0
-0.04407243 -0.699201 0.7135653 0
-0.3511212 -0.3362148 -4.977347 1

0.4173256 -0.9083097 0.0285196 0
-0.3099185 -0.1717543 -0.9351211 0
0.8542777 0.3814112 -0.3531793 0
-0.3323202 -0.2979076 -4.985855 1

0.4173256 -0.9083097 0.0285196 0
-0.3099185 -0.1717543 -0.9351211 0
0.8542777 0.3814112 -0.3531793 0
-0.3764526 -0.3190002 -4.974019 1

0.4173256 -0.9083095 0.02851972 0
-0.3099183 -0.1717545 -0.9351209 0
0.8542777 0.381411 -0.3531793 0
-0.3992953 -0.3396044 -4.977668 1

0.5992679 0.8000913 -0.02706112 0
0.6812724 -0.5274414 -0.507616 0
-0.4204121 0.2857618 -0.8611583 0
-0.2630259 -0.2748616 -4.9313 1

-0.2376967 0.643749 0.727384 0
-0.9357212 0.04917275 -0.3492967 0
-0.2606269 -0.7636549 0.5906816 0
-0.2937554 -0.3011559 -4.932295 1

0.5992679 0.8000913 -0.02706112 0
0.6812724 -0.5274414 -0.507616 0
-0.4204121 0.2857618 -0.8611583 0
-0.2740366 -0.2682368 -4.957124 1

0.5992679 0.8000913 -0.02706112 0
0.6812724 -0.5274414 -0.507616 0
-0.4204121 0.2857618 -0.8611583 0
-0.249813 -0.2867701 -4.91709 1

0.5992679 0.8000913 -0.02706112 0
0.6812724 -0.5274414 -0.507616 0
-0.4204121 0.2857618 -0.8611583 0
-0.2383569 -0.3096814 -4.903306 1

0.9948907 0.04368665 -0.09101561 0
-0.05204364 0.9944379 -0.09156755 0
0.08650909 0.0958365 0.9916307 0
-0.1996146 -0.5326553 -5.225241 1

0.9997665 -0.01401313 -0.01644858 0
0.01728928 0.9753656 0.2199156 0
0.01296166 -0.2201487 0.9753802 0
-0.2058409 -0.4351489 -5.246498 1

0.9856399 0.08973678 -0.1430432 0
-0.1520739 0.8399389 -0.5209379 0
0.07340031 0.5352103 0.8415238 0
-0.10542 -0.5949159 -5.228 1

0.9379364 -0.2754843 0.2106747 0
0.3421019 0.8346637 -0.4316281 0
-0.05693575 0.4769118 0.8771052 0
-0.2869766 -0.6028883 -5.21139 1

0.9998266 -0.01382892 0.01246671 0
0.008826556 0.9416044 0.3366055 0
-0.0163936 -0.3364372 0.9415632 0
-0.2040105 -0.3184321 -5.234761 1

0.988376 0.1506548 0.02039383 0
-0.1449613 0.8934851 0.4250537 0
0.04581479 -0.4230691 0.9049385 0
-0.04165091 -0.9384271 -5.021203 1

0.9298372 -0.3626199 0.06252789 0
0.316555 0.8749131 0.3664968 0
-0.1876055 -0.3209888 0.9283159 0
-0.4278548 -0.9435152 -5.04122 1

0.9990473 -0.01697763 0.04019891 0
-0.002846408 0.8938944 0.4482687 0
-0.04354411 -0.4479561 0.8929946 0
-0.2025655 -0.1871597 -5.205104 1

0.9999973 0.0001031905 0.002312735 0
-0.0001029447 1 -0.0001013097 0
-0.002312705 0.0001011109 0.9999973 0
0.01594007 -1.305771 -5.218622 1

0.9968562 0.0002688691 0.07923189 0
-0.0001522005 0.9999989 -0.001479482 0
-0.07923217 0.001462727 0.9968551 0
-0.5548246 -1.305681 -5.214272 1

0.9981133 -0.05544646 -0.02637216 0
0.06126282 0.8707955 0.4878135 0
-0.004082777 -0.4885087 0.8725494 0
-0.2033389 -0.056337 -5.130638 1

0.99774 0.04323621 0.05143378 0
-0.06185598 0.8899826 0.4517795 0
-0.02624194 -0.45394 0.8906457 0
-0.2641321 -0.1078461 -5.160419 1

0.9998666 -0.01598252 0.003351897 0
0.01277243 0.8932763 0.4493264 0
-0.01017553 -0.4492237 0.8933614 0
-0.1421333 -0.1099187 -5.155509 1

0.9999973 0.0001032948 0.002312735 0
-0.0001053624 0.9999996 0.000909274 0
-0.002312638 -0.0009094505 0.999997 0
0.01939212 -1.41068 -5.092196 1

0.9968562 0.0002687536 0.07923188 0
0.003308866 0.9989806 -0.04502024 0
-0.07916321 0.04514092 0.9958392 0
-0.5685459 -1.410419 -5.088404 1

0.9791839 -0.06722329 -0.1915203 0
0.08334666 0.9935098 0.07740527 0
0.1850739 -0.09175653 0.9784315 0
-0.1971438 0.01819396 -5.052867 1

0.6173034 0.7692263 0.1650062 0
-0.7711524 0.5501011 0.3204884 0
0.1557581 -0.3250836 0.9327703 0
-0.3895494 -0.1038778 -5.191294 1

0.1874044 -0.8720824 0.4520531 0
0.4563802 0.4848215 0.7461001 0
-0.8698256 0.06648555 0.4888588 0
-0.01536906 -0.1026337 -5.179516 1

-0.5100602 -0.2325711 -0.8280998 0
-0.7711524 0.550101 0.3204885 0
0.3810022 0.8020595 -0.4599324 0
-0.5587198 -0.3146818 -5.236514 1

-0.889752 0.255881 0.3779767 0
0.45638 0.484822 0.7460997 0
0.007661298 0.8363447 -0.5481502 0
0.03598863 -0.341625 -5.055632 1

-0.36181 0.1820601 -0.914302 0
-0.3101956 0.9013512 0.3022328 0
0.8791315 0.3929634 -0.2696437 0
-0.4178696 -0.2504581 -5.007838 1

-0.7065428 0.3578144 0.6105457 0
0.5138223 0.852629 0.09492254 0
-0.4866043 0.3807788 -0.786272 0
-0.2097115 -0.2709645 -4.951256 1

-0.1504601 0.9075078 0.392162 0
0.2746975 -0.3426802 0.8983939 0
0.9496858 0.2428985 -0.1977304 0
-0.3716463 -0.273717 -4.891031 1

-0.1409527 0.156603 -0.9775521 0
0.2301521 0.965541 0.1214931 0
0.9628927 -0.2078608 -0.172138 0
-0.3710383 -0.2650872 -4.987844 1

-0.1503517 0.9074206 0.392406 0
0.2747392 -0.3429333 0.8982847 0
0.9496908 0.2428681 -0.1977434 0
-0.3479595 -0.2637892 -4.903994 1

-0.1503517 0.9074206 0.392406 0
0.2747392 -0.3429333 0.8982847 0
0.9496908 0.2428681 -0.1977434 0
-0.3934383 -0.2811943 -4.890771 1

-0.08526824 0.9253347 0.3694386 0
0.2736902 -0.3347729 0.9016768 0
0.9580307 0.177996 -0.2247095 0
-0.4192466 -0.2909287 -4.896046 1

-0.2807092 -0.950035 -0.136514 0
-0.7182165 0.1135691 0.6864892 0
-0.6366849 0.2907502 -0.7142105 0
-0.2999762 -0.2252518 -4.873256 1

-0.7498081 0.2903152 0.5945628 0
0.001610443 0.8993971 -0.4371295 0
-0.6616535 -0.3268057 -0.6748429 0
-0.2622287 -0.264449 -4.953793 1

-0.2807092 -0.950035 -0.136514 0
-0.7182165 0.1135691 0.6864892 0
-0.6366849 0.2907502 -0.7142105 0
-0.311303 -0.2183024 -4.898771 1

-0.2807092 -0.950035 -0.136514 0
-0.7182165 0.1135691 0.6864892 0
-0.6366849 0.2907502 -0.7142105 0
-0.2846982 -0.2358569 -4.859655 1

-0.2807092 -0.950035 -0.136514 0
-0.7182165 0.1135691 0.6864892 0
-0.6366849 0.2907502 -0.7142105 0
-0.2649497 -0.2518585 -4.847713 1

0.4052584 -0.4494978 0.7960638 0
-0.02156975 -0.8752332 -0.4832202 0
0.9139477 0.1786582 -0.3643912 0
-0.3662087 -0.3065141 -4.905204 1

0.7848851 -0.1244368 -0.6070182 0
0.4635439 0.7679989 0.4419329 0
0.4111965 -0.6282461 0.6604729 0
-0.3503088 -0.2957428 -4.958146 1

0.4052586 -0.4494978 0.7960638 0
-0.02156959 -0.8752332 -0.4832204 0
0.9139477 0.1786583 -0.3643911 0
-0.3421075 -0.2991056 -4.919267 1

0.4052586 -0.4494978 0.7960638 0
-0.02156959 -0.8752332 -0.4832204 0
0.9139477 0.1786583 -0.3643911 0
-0.3880234 -0.3138722 -4.904902 1

0.4052585 -0.4494976 0.7960638 0
-0.02156945 -0.8752333 -0.4832202 0
0.9139477 0.1786583 -0.3643911 0
-0.4157191 -0.3292066 -4.911328 1

0.8328349 0.06960897 -0.5491274 0
-0.02919236 -0.985157 -0.169156 0
-0.5527514 0.1569092 -0.8184407 0
-0.3101209 -0.2595857 -4.878189 1

-0.3575779 0.5306448 0.7684752 0
-0.7559049 0.3187605 -0.5718384 0
-0.5484027 -0.7853712 0.2871354 0
-0.303862 -0.2797987 -4.936985 1

0.8328349 0.06960897 -0.5491274 0
-0.02919236 -0.985157 -0.169156 0
-0.5527514 0.1569092 -0.8184407 0
-0.3222283 -0.2552773 -4.904085 1

0.8328349 0.06960897 -0.5491274 0
-0.02919236 -0.985157 -0.169156 0
-0.5527514 0.1569092 -0.8184407 0
-0.2948074 -0.2700695 -4.864571 1

0.8328349 0.06960897 -0.5491274 0
-0.02919236 -0.985157 -0.169156 0
-0.5527514 0.1569092 -0.8184407 0
-0.2765618 -0.2911581 -4.853361 1

0.3301398 -0.9363983 0.1190193 0
-0.3581529 -0.2409244 -0.9020433 0
0.8733465 0.2551733 -0.4149126 0
-0.3802299 -0.2909626 -4.932746 1

0.9124625 -0.3650653 -0.1847686 0
0.400342 0.703333 0.5874087 0
-0.08448865 -0.6099591 0.7879161 0
-0.3779763 -0.3188821 -4.933258 1

0.3301401 -0.9363984 0.1190195 0
-0.358153 -0.2409245 -0.9020435 0
0.8733464 0.2551734 -0.4149127 0
-0.3559478 -0.2837546 -4.946453 1

0.3301401 -0.9363984 0.1190195 0
-0.358153 -0.2409245 -0.9020435 0
0.8733464 0.2551734 -0.4149127 0
-0.4014269 -0.2990059 -4.931231 1

0.3301401 -0.9363981 0.1190196 0
-0.3581529 -0.2409248 -0.9020432 0
0.8733464 0.2551734 -0.4149126 0
-0.4262352 -0.3175428 -4.931984 1

0.5934394 0.7938182 -0.1329763 0
0.6537127 -0.5717451 -0.4957496 0
-0.4695635 0.2072691 -0.8582248 0
-0.2813067 -0.2571775 -4.897187 1

-0.1989227 0.7069946 0.6786665 0
-0.9541512 0.01832884 -0.2987637 0
-0.2236635 -0.7069812 0.6709338 0
-0.3119333 -0.2834253 -4.894066 1

0.5934394 0.7938182 -0.1329763 0
0.6537127 -0.5717451 -0.4957496 0
-0.4695635 0.2072691 -0.8582248 0
-0.2937857 -0.2529 -4.922839 1

0.5934394 0.7938182 -0.1329763 0
0.6537127 -0.5717451 -0.4957496 0
-0.4695635 0.2072691 -0.8582248 0
-0.2672628 -0.2677673 -4.882732 1

0.5934394 0.7938182 -0.1329763 0
0.6537127 -0.5717451 -0.4957496 0
-0.4695635 0.2072691 -0.8582248 0
-0.2549509 -0.2893518 -4.86761 1

0.9926136 0.05071739 -0.1102092 0
-0.05898506 0.9955789 -0.07309926 0
0.1060145 0.07906001 0.9912167 0
-0.2106038 -0.5297896 -5.224524 1

0.9990805 -0.005862288 -0.04247208 0
0.01412616 0.9803048 0.1969846 0
0.04048079 -0.1974034 0.9794862 0
-0.2177583 -0.4319641 -5.243943 1

0.978715 0.1054258 -0.1760747 0
-0.1822465 0.8409519 -0.5094961 0
0.09435628 0.5307404 0.8422657 0
-0.1161657 -0.5914754 -5.230263 1

0.9458798 -0.267548 0.1836553 0
0.3222862 0.8407124 -0.4351254 0
-0.03798442 0.4707659 0.8814402 0
-0.2973068 -0.6007308 -5.210151 1

0.9999215 0.004096586 -0.01184233 0
-0.0001994856 0.9501361 0.3118355 0
0.01252928 -0.3118086 0.9500623 0
-0.2166877 -0.3149955 -5.234935 1

0.9882301 0.152972 -0.0009319931 0
-0.1388828 0.8997316 0.4137563 0
0.06413165 -0.408757 0.9103872 0
-0.04027268 -0.9353364 -5.028195 1

0.9364372 -0.3481252 0.04352383 0
0.3076735 0.8745014 0.3749458 0
-0.1685897 -0.3377221 0.9260244 0
-0.4302582 -0.9438008 -5.038517 1

0.9997773 0.01053533 0.0182863 0
-0.01727245 0.9063534 0.4221674 0
-0.01212617 -0.4223892 0.9063335 0
-0.216919 -0.182984 -5.208725 1

0.9999626 0.0005229153 -0.008639112 0
-0.0005223788 0.9999998 6.343145E-05 0
0.008639127 -5.8915E-05 0.9999626 0
0.01438543 -1.305607 -5.220924 1

0.9960084 0.0007445738 0.08925679 0
-0.0004814193 0.9999955 -0.002970724 0
-0.08925868 0.002915861 0.9960043 0
-0.5538685 -1.305414 -5.215122 1

0.9982143 -0.03432938 -0.04888385 0
0.05296575 0.8870507 0.4586237 0
0.02761819 -0.4603939 0.8872851 0
-0.2196119 -0.05008566 -5.138077 1

0.99879 0.04869502 -0.006872624 0
-0.04101183 0.9018896 0.4300153 0
0.02713794 -0.4292131 0.9027955 0
-0.2796228 -0.1040348 -5.164986 1

0.9996684 0.02421617 0.00876119 0
-0.02564698 0.9054536 0.4236697 0
0.002326779 -0.4237539 0.9057744 0
-0.1575348 -0.1027476 -5.162753 1

0.9999626 0.0005230308 -0.008639067 0
-0.0005124435 0.999999 0.001226412 0
0.008639701 -0.001221923 0.999962 0
0.01926574 -1.410535 -5.094562 1

0.9960084 0.0007445775 0.08925684 0
0.002173536 0.9994662 -0.03259188 0
-0.08923349 0.03265577 0.9954753 0
-0.5688196 -1.40997 -5.089242 1

0.97437 -0.06685017 -0.2147889 0
0.08444968 0.9936891 0.07382586 0
0.2084981 -0.09007253 0.9738662 0
-0.213277 0.02700675 -5.062856 1

0.6345395 0.77289 0.0007550493 0
-0.7489881 0.6146745 0.2473708 0
0.1907263 -0.1575321 0.9689206 0
-0.4066168 -0.1014321 -5.188741 1

0.1498639 -0.8228189 0.5481881 0
0.4836927 0.5445846 0.6851781 0
-0.8623123 0.162471 0.479605 0
-0.03101866 -0.09107029 -5.186329 1

-0.5144002 -0.3041197 -0.8018128 0
-0.7489882 0.6146744 0.2473709 0
0.4176233 0.7277958 -0.5439706 0
-0.5805106 -0.3132399 -5.188948 1

-0.8717647 0.2300906 0.4325331 0
0.4836924 0.5445857 0.6851773 0
-0.07789845 0.8065264 -0.5860437 0
0.01005118 -0.316561 -5.0361 1

-0.3665072 0.1219853 -0.922384 0
-0.2198993 0.9519249 0.2132685 0
0.9040558 0.2809959 -0.3220629 0
-0.4384619 -0.2292587 -4.967532 1

-0.6712316 0.4077212 0.6190411 0
0.5150658 0.8571295 -0.006044298 0
-0.5330627 0.3147898 -0.7853354 0
-0.2306818 -0.2530226 -4.916658 1

-0.05807419 0.952296 0.2995999 0
0.2648739 -0.2746526 0.9243419 0
0.9625328 0.1330366 -0.2362879 0
-0.3916385 -0.2448426 -4.849692 1

-0.1504935 0.0700115 -0.9861289 0
0.319376 0.9474471 0.01852503 0
0.9356018 -0.3121581 -0.1649446 0
-0.3926609 -0.24607 -4.946877 1

-0.05796808 0.9522237 0.2998498 0
0.2648899 -0.2749182 0.9242585 0
0.9625348 0.1330047 -0.2362979 0
-0.3674815 -0.2384975 -4.863969 1

-0.05796808 0.9522237 0.2998498 0
0.2648899 -0.2749182 0.9242585 0
0.9625348 0.1330047 -0.2362979 0
-0.4140035 -0.2502106 -4.84833 1

0.007876359 0.9616519 0.2741608 0
0.2646669 -0.2663965 0.9268142 0
0.9643078 0.06526139 -0.2566155 0
-0.4407088 -0.2579992 -4.852179 1

-0.2843814 -0.9578396 -0.04087806 0
-0.6774891 0.170611 0.7154726 0
-0.6783334 0.2311615 -0.6974438 0
-0.3164353 -0.2009338 -4.837573 1

-0.7150836 0.3391669 0.6112459 0
-0.02742925 0.8601216 -0.5093514 0
-0.6985009 -0.3809948 -0.6057556 0
-0.2832834 -0.2466953 -4.916657 1

-0.2843814 -0.9578396 -0.04087806 0
-0.6774891 0.170611 0.7154726 0
-0.6783334 0.2311615 -0.6974438 0
-0.3292559 -0.1961111 -4.862871 1

-0.2843814 -0.9578396 -0.04087806 0
-0.6774891 0.170611 0.7154726 0
-0.6783334 0.2311615 -0.6974438 0
-0.3003494 -0.2103895 -4.824056 1

-0.2843814 -0.9578396 -0.04087806 0
-0.6774891 0.170611 0.7154726 0
-0.6783334 0.2311615 -0.6974438 0
-0.2798755 -0.2253641 -4.812005 1

0.3826675 -0.4028076 0.8314518 0
-0.1125479 -0.9135723 -0.3907927 0
0.9170052 0.05596554 -0.3949295 0
-0.3895397 -0.2792584 -4.860519 1

0.7550995 -0.2567319 -0.6032525 0
0.5418653 0.7623633 0.3538141 0
0.3690622 -0.5940465 0.7147741 0
-0.3740532 -0.2753721 -4.914526 1

0.3826676 -0.4028077 0.8314518 0
-0.1125478 -0.9135723 -0.3907929 0
0.9170051 0.05596563 -0.3949295 0
-0.365225 -0.2755578 -4.875639 1

0.3826676 -0.4028077 0.8314518 0
-0.1125478 -0.9135723 -0.3907929 0
0.9170051 0.05596563 -0.3949295 0
-0.4119157 -0.2845019 -4.859128 1

0.3826676 -0.4028073 0.8314517 0
-0.1125476 -0.9135722 -0.3907925 0
0.9170051 0.05596563 -0.3949295 0
-0.4410344 -0.2977793 -4.86352 1

0.7991756 0.02321345 -0.6006498 0
-0.03505261 -0.9957542 -0.0851211 0
-0.6000751 0.08908109 -0.7949682 0
-0.3267128 -0.2355499 -4.83905 1

-0.314359 0.5927399 0.7415107 0
-0.7891756 0.2709617 -0.5511642 0
-0.5276179 -0.7584456 0.3825966 0
-0.323806 -0.260566 -4.896237 1

0.7991756 0.02321345 -0.6006498 0
-0.03505261 -0.9957542 -0.0851211 0
-0.6000751 0.08908109 -0.7949682 0
-0.3403241 -0.2333899 -4.864462 1

0.7991756 0.02321345 -0.6006498 0
-0.03505261 -0.9957542 -0.0851211 0
-0.6000751 0.08908109 -0.7949682 0
-0.3105907 -0.2448832 -4.825528 1

0.7991756 0.02321345 -0.6006498 0
-0.03505261 -0.9957542 -0.0851211 0
-0.6000751 0.08908109 -0.7949682 0
-0.2916395 -0.2649865 -4.813696 1

0.2470642 -0.946192 0.2089976 0
-0.4007688 -0.2961505 -0.8669944 0
0.882238 0.1304435 -0.4523724 0
-0.4027793 -0.2653223 -4.889286 1

0.8708794 -0.4645015 -0.1606471 0
0.4767175 0.7187471 0.5061058 0
-0.1196222 -0.5173404 0.8473781 0
-0.4030702 -0.2932402 -4.886975 1

0.2470643 -0.9461922 0.2089976 0
-0.4007688 -0.2961508 -0.8669944 0
0.882238 0.1304436 -0.4523725 0
-0.3782938 -0.2618011 -4.904035 1

0.2470643 -0.9461922 0.2089976 0
-0.4007688 -0.2961508 -0.8669944 0
0.882238 0.1304436 -0.4523725 0
-0.4245719 -0.2711799 -4.886626 1

0.2470644 -0.946192 0.2089977 0
-0.4007688 -0.296151 -0.8669941 0
0.8822379 0.1304435 -0.4523725 0
-0.4509643 -0.2873272 -4.885095 1

0.5815169 0.7795876 -0.2325546 0
0.6260278 -0.6113701 -0.4840623 0
-0.5195457 0.1359049 -0.8435651 0
-0.2990631 -0.2347468 -4.859831 1

-0.161906 0.7609167 0.6283251 0
-0.9699891 -0.005666666 -0.2430831 0
-0.1814054 -0.6488251 0.7389983 0
-0.3293509 -0.2606204 -4.852768 1

0.5815169 0.7795876 -0.2325546 0
0.6260278 -0.6113701 -0.4840623 0
-0.5195457 0.1359049 -0.8435651 0
-0.313031 -0.232597 -4.884975 1

0.5815169 0.7795876 -0.2325546 0
0.6260278 -0.6113701 -0.4840623 0
-0.5195457 0.1359049 -0.8435651 0
-0.2841594 -0.2441154 -4.845393 1

0.5815169 0.7795876 -0.2325546 0
0.6260278 -0.6113701 -0.4840623 0
-0.5195457 0.1359049 -0.8435651 0
-0.270902 -0.2643843 -4.829281 1

0.9898933 0.05892641 -0.1289922 0
-0.06657403 0.9962201 -0.05579809 0
0.1252166 0.06382169 0.9900745 0
-0.2219636 -0.5244084 -5.2227 1

0.9977908 0.006410558 -0.0661246 0
0.00520115 0.9847407 0.1739503 0
0.0662307 -0.17391 0.9825318 0
-0.2301069 -0.4263322 -5.240389 1

0.9703567 0.1210072 -0.2092012 0
-0.2110909 0.845863 -0.4898535 0
0.1176798 0.5194931 0.8463323 0
-0.1272792 -0.5853794 -5.231304 1

0.9529616 -0.2582278 0.1586901 0
0.3021113 0.8513422 -0.4288883 0
-0.02434879 0.4566562 0.8893101 0
-0.3079239 -0.5961329 -5.207765 1

0.9991171 0.02282593 -0.03526925 0
-0.01184297 0.9585013 0.284842 0
0.04030741 -0.2841729 0.9579254 0
-0.2304419 -0.3091812 -5.234107 1

0.9869738 0.158723 -0.02626164 0
-0.1355413 0.9083034 0.3957444 0
0.08666725 -0.3870298 0.9179851 0
-0.03981715 -0.931138 -5.037313 1

0.9423561 -0.3333566 0.0289536 0
0.2980586 0.8755898 0.3801363 0
-0.1520724 -0.349594 0.9244772 0
-0.432773 -0.943468 -5.038642 1

0.9993514 0.03573623 -0.004433885 0
-0.03114128 0.9194798 0.3919017 0
0.01808196 -0.3915094 0.9199964 0
-0.2326806 -0.1765015 -5.211631 1

0.9998452 0.0004245304 -0.01759177 0
-0.0004007481 0.999999 0.00135629 0
0.01759231 -0.001349099 0.9998443 0
0.01297469 -1.305475 -5.222563 1

0.9951753 0.00127947 0.09810394 0
-0.001199052 0.999999 -0.0008781217 0
-0.09810492 0.0007563187 0.9951757 0
-0.5526659 -1.305258 -5.217433 1

0.9973626 -0.01456319 -0.07110307 0
0.04384362 0.9016066 0.4303295 0
0.05784001 -0.432312 0.8998671 0
-0.2372188 -0.04138517 -5.145424 1

0.9964859 0.05375485 -0.06423354 0
-0.02350902 0.91556 0.401494 0
0.0803919 -0.3985731 0.9136063 0
-0.2964088 -0.09767735 -5.169166 1

0.9979807 0.06163467 0.01535125 0
-0.06268666 0.9167593 0.3944905 0
0.01024088 -0.3946562 0.9187718 0
-0.1743728 -0.09331274 -5.169706 1

0.9998452 0.0004246272 -0.01759171 0
-0.000468798 0.9999968 -0.002507448 0
0.0175906 0.002515303 0.9998421 0
0.01897356 -1.410566 -5.096384 1

0.9951754 0.00127941 0.09810396 0
0.0009500347 0.9997425 -0.02267479 0
-0.09810768 0.02265865 0.9949178 0
-0.5686568 -1.410089 -5.09191 1

0.9685599 -0.06826958 -0.2392304 0
0.08893028 0.9930843 0.07664926 0
0.2323431 -0.09551416 0.9679326 0
-0.2308758 0.03809202 -5.072728 1

0.640215 0.749199 -0.1697813 0
-0.7296169 0.6621857 0.1707899 0
0.2403823 0.01453302 0.9705695 0
-0.4245428 -0.0965482 -5.185867 1

0.1086654 -0.7609339 0.6396653 0
0.5105888 0.5948333 0.6208645 0
-0.8529307 0.2591394 0.4531621 0
-0.04817756 -0.07768691 -5.192709 1

-0.5123976 -0.363966 -0.7778029 0
-0.7296169 0.6621857 0.17079 0
0.4528882 0.6550107 -0.6048581 0
-0.599992 -0.3018636 -5.139338 1

-0.8418018 0.1987556 0.501862 0
0.5105884 0.5948346 0.6208633 0
-0.1751247 0.7788891 -0.6022152 0
-0.01839803 -0.2862183 -5.017411 1

-0.3685353 0.06771713 -0.9271442 0
-0.1394814 0.982025 0.1271687 0
0.9190901 0.1761856 -0.3524656 0
-0.4584963 -0.2013561 -4.924552 1

-0.6317464 0.4534274 0.6287288 0
0.5129775 0.8526211 -0.09945481 0
-0.581163 0.2596935 -0.7712386 0
-0.250857 -0.2313327 -4.878825 1

0.02305571 0.9769968 0.2120038 0
0.2549759 -0.2107937 0.9436913 0
0.9666724 0.03229836 -0.2539705 0
-0.4114138 -0.2100071 -4.806105 1

-0.1583341 -0.007224432 -0.9873593 0
0.394866 0.9160665 -0.07002407 0
0.9049922 -0.4009618 -0.1421917 0
-0.4139096 -0.2199111 -4.902765 1

0.02315924 0.9769393 0.2122585 0
0.2549692 -0.2110663 0.9436323 0
0.9666718 0.03226563 -0.2539774 0
-0.3870291 -0.2069656 -4.821065 1

0.02315924 0.9769393 0.2122585 0
0.2549692 -0.2110663 0.9436323 0
0.9666718 0.03226563 -0.2539774 0
-0.4341169 -0.2133898 -4.804107 1

0.089178 0.9786141 0.1853699 0
0.2554694 -0.202359 0.9454027 0
0.9626957 -0.03695278 -0.2680518 0
-0.4614145 -0.2192919 -4.807049 1

-0.2855766 -0.9572692 0.04563024 0
-0.6317934 0.2238535 0.7421097 0
-0.7206131 0.1831001 -0.6687235 0
-0.331566 -0.1734048 -4.798501 1

-0.6759416 0.3846505 0.6286072 0
-0.05978925 0.8215439 -0.5670018 0
-0.7345257 -0.420844 -0.5323178 0
-0.3033617 -0.2248306 -4.876009 1

-0.2855766 -0.9572692 0.04563024 0
-0.6317934 0.2238535 0.7421097 0
-0.7206131 0.1831001 -0.6687235 0
-0.3459401 -0.170359 -4.823235 1

-0.2855766 -0.9572692 0.04563024 0
-0.6317934 0.2238535 0.7421097 0
-0.7206131 0.1831001 -0.6687235 0
-0.3146623 -0.181927 -4.785367 1

-0.2855766 -0.9572692 0.04563024 0
-0.6317934 0.2238535 0.7421097 0
-0.7206131 0.1831001 -0.6687235 0
-0.2934657 -0.1960746 -4.773569 1

0.3607378 -0.3559779 0.8620605 0
-0.1912811 -0.932886 -0.305181 0
0.9128416 -0.05480555 -0.4046189 0
-0.412247 -0.2453154 -4.813767 1

0.7233431 -0.3707879 -0.5824872 0
0.6064598 0.7444797 0.2792069 0
0.3301233 -0.5552175 0.7633821 0
-0.3972651 -0.247593 -4.868007 1

0.3607378 -0.3559779 0.8620604 0
-0.1912809 -0.9328862 -0.3051811 0
0.9128415 -0.05480541 -0.4046189 0
-0.38793 -0.2449877 -4.829326 1

0.3607378 -0.3559779 0.8620604 0
-0.1912809 -0.9328862 -0.3051811 0
0.9128415 -0.05480541 -0.4046189 0
-0.4349506 -0.2485713 -4.811751 1

0.3607379 -0.3559777 0.8620605 0
-0.1912808 -0.9328861 -0.3051809 0
0.9128415 -0.05480541 -0.4046189 0
-0.4651032 -0.2597739 -4.814717 1

0.760228 -0.02274942 -0.6492578 0
-0.03945284 -0.9991591 -0.01118642 0
-0.6484571 0.03411925 -0.7604864 0
-0.3418867 -0.2080003 -4.796852 1

-0.2680985 0.6454417 0.7152122 0
-0.8221703 0.2336726 -0.5190694 0
-0.5021545 -0.727188 0.4680155 0
-0.3425236 -0.2370566 -4.852169 1

0.760228 -0.02274942 -0.6492578 0
-0.03945284 -0.9991591 -0.01118642 0
-0.6484571 0.03411925 -0.7604864 0
-0.3570549 -0.2076156 -4.821459 1

0.760228 -0.02274942 -0.6492578 0
-0.03945284 -0.9991591 -0.01118642 0
-0.6484571 0.03411925 -0.7604864 0
-0.3249467 -0.2164 -4.783724 1

0.760228 -0.02274942 -0.6492578 0
-0.03945284 -0.9991591 -0.01118642 0
-0.6484571 0.03411925 -0.7604864 0
-0.3052791 -0.2356735 -4.771682 1

0.1730045 -0.9404468 0.2926252 0
-0.4355687 -0.3395275 -0.8336673 0
0.8833739 0.01676997 -0.4683689 0
-0.4247279 -0.2329994 -4.843592 1

0.8282794 -0.5465136 -0.1235955 0
0.5401773 0.720237 0.4352784 0
-0.1488673 -0.4272958 0.8917719 0
-0.4272332 -0.2604783 -4.838746 1

0.1730047 -0.9404469 0.2926253 0
-0.4355688 -0.3395277 -0.8336673 0
0.8833739 0.01677002 -0.468369 0
-0.4002499 -0.2328305 -4.858767 1

0.1730047 -0.9404469 0.2926253 0
-0.4355688 -0.3395277 -0.8336673 0
0.8833739 0.01677002 -0.468369 0
-0.4468815 -0.2367979 -4.840262 1

0.1730047 -0.9404464 0.2926254 0
-0.4355687 -0.3395277 -0.833667 0
0.8833737 0.01676985 -0.4683689 0
-0.4744641 -0.2505367 -4.837086 1

0.5652684 0.7588215 -0.3235144 0
0.5951996 -0.646725 -0.4769531 0
-0.5711471 0.07705089 -0.8172236 0
-0.3155844 -0.2087873 -4.819315 1

-0.1231247 0.8045291 0.5810105 0
-0.983231 -0.01953176 -0.1813157 0
-0.1345254 -0.5935919 0.7934427 0
-0.3453525 -0.2339787 -4.808547 1

0.5652684 0.7588215 -0.3235144 0
0.5951996 -0.646725 -0.4769531 0
-0.5711471 0.07705089 -0.8172236 0
-0.3310919 -0.2083925 -4.843633 1

0.5652684 0.7588215 -0.3235144 0
0.5951996 -0.646725 -0.4769531 0
-0.5711471 0.07705089 -0.8172236 0
-0.2998034 -0.2171524 -4.805197 1

0.5652684 0.7588215 -0.3235144 0
0.5951996 -0.646725 -0.4769531 0
-0.5711471 0.07705089 -0.8172236 0
-0.2855523 -0.2362639 -4.788529 1

0.9866192 0.06944247 -0.1475138 0
-0.0765283 0.9961437 -0.04290859 0
0.1439653 0.05362342 0.9881288 0
-0.2334401 -0.5166647 -5.219827 1

0.9959118 0.02610204 -0.08647665 0
-0.01289738 0.9886213 0.1498714 0
0.08940463 -0.1481434 0.9849164 0
-0.2428013 -0.418471 -5.236212 1

0.9607615 0.1359976 -0.2417478 0
-0.2373813 0.8539848 -0.4629903 0
0.1434834 0.5022097 0.8527591 0
-0.1384022 -0.5766655 -5.230978 1

0.9591178 -0.2472417 0.1377124 0
0.2824194 0.8675168 -0.4094554 0
-0.01823339 0.4316085 0.9018767 0
-0.3184494 -0.589338 -5.204058 1

0.9973872 0.04398872 -0.05730312 0
-0.02808611 0.9669473 0.2534248 0
0.06655694 -0.2511532 0.9656564 0
-0.2455735 -0.3012345 -5.232768 1

0.9839553 0.1691467 -0.0567573 0
-0.136882 0.9197242 0.3679276 0
0.1144349 -0.3542553 0.9281207 0
-0.04042366 -0.9255956 -5.048004 1

0.947654 -0.3186432 0.02045466 0
0.28678 0.8775581 0.384251 0
-0.1403891 -0.3582711 0.9230019 0
-0.4353512 -0.9431366 -5.042838 1

0.9978856 0.05867163 -0.02796236 0
-0.04500142 0.9341332 0.3540769 0
0.04689483 -0.3520698 0.9347982 0
-0.2504093 -0.1679635 -5.214616 1

0.9997521 -0.001313113 -0.02222341 0
0.001448683 0.9999804 0.006085257 0
0.02221499 -0.006115964 0.9997345 0
0.01236725 -1.305435 -5.221692 1

0.9944984 0.00164476 0.1047387 0
-0.002885722 0.9999273 0.01169759 0
-0.1047118 -0.01193556 0.9944309 0
-0.5507291 -1.30554 -5.22335 1

0.9956738 0.004095346 -0.09282561 0
0.0337587 0.9148124 0.4024658 0
0.08656627 -0.4038582 0.9107167 0
-0.2568025 -0.03033173 -5.153977 1

0.990888 0.05986553 -0.120652 0
-0.01206385 0.9316386 0.3631861 0
0.1341463 -0.3584213 0.9238718 0
-0.3151074 -0.08892643 -5.174055 1

0.9951605 0.09540516 0.02352029 0
-0.09748131 0.9284526 0.3584313 0
0.01235874 -0.3589895 0.9332598 0
-0.1932504 -0.081761 -5.17747 1

0.9997522 -0.00131309 -0.02222335 0
0.001039818 0.9999237 -0.01230465 0
0.02223784 0.01227848 0.9996773 0
0.01875606 -1.411133 -5.09604 1

0.9944984 0.001644701 0.1047387 0
-0.0004983619 0.9999397 -0.01097033 0
-0.1047504 0.01085786 0.9944392 0
-0.5673757 -1.411969 -5.099266 1

0.9611605 -0.0716759 -0.2665206 0
0.09828959 0.9912699 0.0878804 0
0.2578949 -0.1106633 0.9598144 0
-0.2505978 0.05140281 -5.083817 1

0.6210155 0.7043656 -0.3438151 0
-0.7196641 0.686198 0.1059048 0
0.3105209 0.1816629 0.9330462 0
-0.4439616 -0.08965766 -5.183782 1

0.05824268 -0.686984 0.7243348 0
0.5416112 0.6312459 0.555145 0
-0.8386089 0.3599747 0.4088436 0
-0.06737456 -0.06282043 -5.199719 1

-0.5049723 -0.4125924 -0.7581363 0
-0.719664 0.6861982 0.1059047 0
0.4765363 0.5990822 -0.6434389 0
-0.6141492 -0.2826866 -5.089561 1

-0.7937295 0.1665183 0.5850347 0
0.5416114 0.6312462 0.5551447 0
-0.2768591 0.7574959 -0.5912269 0
-0.05141318 -0.251086 -5.001218 1

-0.3804868 0.01809734 -0.9246091 0
-0.08538821 0.99485 0.05461042 0
0.9208357 0.09972923 -0.3769821 0
-0.4747038 -0.1687511 -4.880205 1

-0.5828391 0.5017653 0.6391637 0
0.5187467 0.8351951 -0.1826232 0
-0.6254604 0.2251243 -0.7470734 0
-0.2705972 -0.2051026 -4.839664 1

0.07810605 0.9874306 0.1374062 0
0.2598603 -0.1532274 0.9534118 0
0.9624822 -0.03876089 -0.2685619 0
-0.4260945 -0.1710631 -4.762082 1

-0.1755964 -0.07232089 -0.9818022 0
0.4412476 0.8857301 -0.1441617 0
0.8800377 -0.4585323 -0.1236195 0
-0.4307841 -0.1880002 -4.857678 1

0.07821077 0.9873865 0.1376632 0
0.2598383 -0.1535028 0.9533735 0
0.9624796 -0.03879391 -0.2685665 0
-0.4018467 -0.1704614 -4.777552 1

0.07821077 0.9873865 0.1376632 0
0.2598383 -0.1535028 0.9533735 0
0.9624796 -0.03879391 -0.2685665 0
-0.4489061 -0.1730617 -4.759531 1

0.1437499 0.9834989 0.1098461 0
0.2608267 -0.1447273 0.9544755 0
0.9546231 -0.1085551 -0.2773272 0
-0.4765234 -0.1776903 -4.761655 1

-0.2969392 -0.947215 0.120878 0
-0.5791705 0.2792977 0.7658687 0
-0.7592028 0.1574076 -0.6315331 0
-0.345058 -0.1409992 -4.758007 1

-0.6280174 0.4339699 0.6459601 0
-0.0833299 0.7877961 -0.6102737 0
-0.7737251 -0.4370901 -0.4585868 0
-0.3227043 -0.1974295 -4.833925 1

-0.2969392 -0.947215 0.120878 0
-0.5791705 0.2792977 0.7658687 0
-0.7592028 0.1574076 -0.6315331 0
-0.3609445 -0.1391346 -4.781919 1

-0.2969392 -0.947215 0.120878 0
-0.5791705 0.2792977 0.7658687 0
-0.7592028 0.1574076 -0.6315331 0
-0.3274792 -0.1490606 -4.745482 1

-0.2969392 -0.947215 0.120878 0
-0.5791705 0.2792977 0.7658687 0
-0.7592028 0.1574076 -0.6315331 0
-0.3057906 -0.1628987 -4.734223 1

0.3564045 -0.3095719 0.8815562 0
-0.2453682 -0.9414102 -0.2313906 0
0.9015377 -0.1338373 -0.4114818 0
-0.4289173 -0.2067486 -4.767047 1

0.6926185 -0.4515573 -0.5624729 0
0.6495448 0.7295394 0.2141578 0
0.3136418 -0.5136811 0.7985991 0
-0.415019 -0.2138675 -4.821157 1

0.3564045 -0.309572 0.8815562 0
-0.245368 -0.9414103 -0.2313908 0
0.9015377 -0.1338371 -0.4114818 0
-0.4048903 -0.2088902 -4.78291 1

0.3564045 -0.309572 0.8815562 0
-0.245368 -0.9414103 -0.2313908 0
0.9015377 -0.1338371 -0.4114818 0
-0.4517223 -0.2086194 -4.764489 1

0.3564046 -0.3095717 0.881556 0
-0.2453679 -0.9414102 -0.2313905 0
0.9015377 -0.1338371 -0.4114818 0
-0.4824695 -0.2183743 -4.766199 1

0.7164329 -0.07561076 -0.6935469 0
-0.05566405 -0.997136 0.05120727 0
-0.6954319 0.001919225 -0.7185894 0
-0.3557894 -0.1752313 -4.753639 1

-0.2114308 0.6914455 0.6907969 0
-0.8501204 0.2186493 -0.4790492 0
-0.4822787 -0.6885461 0.5415828 0
-0.3604369 -0.2074715 -4.806964 1

0.7164329 -0.07561076 -0.6935469 0
-0.05566405 -0.997136 0.05120727 0
-0.6954319 0.001919225 -0.7185894 0
-0.3725015 -0.1759999 -4.777215 1

0.7164329 -0.07561076 -0.6935469 0
-0.05566405 -0.997136 0.05120727 0
-0.6954319 0.001919225 -0.7185894 0
-0.3381729 -0.1831716 -4.74113 1

0.7164329 -0.07561076 -0.6935469 0
-0.05566405 -0.997136 0.05120727 0
-0.6954319 0.001919225 -0.7185894 0
-0.3180741 -0.2020816 -4.729223 1

0.1283288 -0.9239407 0.3603685 0
-0.4672248 -0.3768455 -0.7998053 0
0.8747758 -0.06573506 -0.4800481 0
-0.4412482 -0.196038 -4.797547 1

0.7961065 -0.5979552 -0.09307916 0
0.5847955 0.7206043 0.3724836 0
-0.1556552 -0.3509689 0.9233593 0
-0.4451116 -0.2229042 -4.79061 1

0.128329 -0.9239408 0.3603685 0
-0.467225 -0.3768457 -0.7998053 0
0.8747756 -0.065735 -0.4800482 0
-0.4170622 -0.1983179 -4.813016 1

0.128329 -0.9239408 0.3603685 0
-0.467225 -0.3768457 -0.7998053 0
0.8747756 -0.065735 -0.4800482 0
-0.4635099 -0.1983808 -4.793644 1

0.1283291 -0.9239405 0.3603686 0
-0.4672249 -0.3768459 -0.799805 0
0.8747756 -0.06573509 -0.4800482 0
-0.491718 -0.2103413 -4.789074 1

0.5550448 0.7273901 -0.4035212 0
0.5531239 -0.6850616 -0.474073 0
-0.6212726 0.03993454 -0.7825764 0
-0.3310024 -0.1778473 -4.777634 1

-0.07292917 0.8395284 0.538399 0
-0.9930445 -0.01109202 -0.1172175 0
-0.09243543 -0.5432028 0.8344979 0
-0.3604051 -0.2017804 -4.763514 1

0.5550448 0.7273901 -0.4035212 0
0.5531239 -0.6850616 -0.474073 0
-0.6212726 0.03993454 -0.7825764 0
-0.3480341 -0.1785822 -4.800901 1

0.5550448 0.7273901 -0.4035212 0
0.5531239 -0.6850616 -0.474073 0
-0.6212726 0.03993454 -0.7825764 0
-0.314478 -0.1856724 -4.764067 1

0.5550448 0.7273901 -0.4035212 0
0.5531239 -0.6850616 -0.474073 0
-0.6212726 0.03993454 -0.7825764 0
-0.2994836 -0.2040435 -4.74722 1

0.9826065 0.08326522 -0.1659861 0
-0.0906827 0.9951695 -0.03760804 0
0.1620529 0.05200597 0.9854107 0
-0.247045 -0.4983226 -5.211752 1

0.9929576 0.05589026 -0.104458 0
-0.04263525 0.9912307 0.1250755 0
0.1105325 -0.119741 0.986633 0
-0.2580328 -0.4002056 -5.227579 1

0.9475415 0.1532717 -0.2804868 0
-0.2608341 0.8779885 -0.4013748 0
0.1847448 0.4534798 0.8719091 0
-0.1514411 -0.5569963 -5.22494 1

0.9643512 -0.234586 0.1224589 0
0.2637602 0.88948 -0.37317 0
-0.02138427 0.3921668 0.9196455 0
-0.330756 -0.5721914 -5.19465 1

0.9945173 0.06847516 -0.07903485 0
-0.04992404 0.975 0.2165242 0
0.09188547 -0.2113913 0.9730728 0
-0.2645686 -0.2830693 -5.227046 1

0.9767321 0.1873042 -0.1044589 0
-0.1464322 0.938307 0.3132694 0
0.1566912 -0.2906841 0.9439018 0
-0.04418644 -0.9153779 -5.067173 1

0.9507608 -0.3085865 0.02877976 0
0.2798699 0.8947412 0.3480102 0
-0.1331417 -0.3228198 0.9370489 0
-0.4400796 -0.934733 -5.048214 1

0.9954775 0.07847595 -0.0535365 0
-0.05843979 0.950183 0.3061653 0
0.07489605 -0.301652 0.9504718 0
-0.272734 -0.1493691 -5.213945 1

0.9995717 -0.001026675 -0.02924669 0
0.001044847 0.9999993 0.0006050477 0
0.02924602 -0.0006353026 0.999572 0
0.01176718 -1.304385 -5.218087 1

0.9946427 -6.446242E-05 0.1033716 0
0.0005159006 0.9999905 -0.004339891 0
-0.1033703 0.004369952 0.9946334 0
-0.5526935 -1.305066 -5.213756 1

0.9931223 0.02109901 -0.1151636 0
0.02385476 0.9265306 0.3754624 0
0.1146244 -0.3756274 0.919655 0
-0.2809253 -0.008924842 -5.160385 1

0.9817964 0.06724232 -0.1776349 0
-0.008384503 0.9496674 0.3131477 0
0.1897509 -0.3059579 0.9329439 0
-0.3383118 -0.06972337 -5.176077 1

0.9917074 0.1243126 0.03260215 0
-0.1282525 0.9410422 0.3130347 0
0.008234173 -0.3146202 0.949182 0
-0.2167489 -0.06013954 -5.182614 1

0.9995717 -0.001026675 -0.02924663 0
-0.0003232881 0.9989361 -0.04611603 0
0.02926286 0.0461058 0.9985079 0
0.01908645 -1.409391 -5.091907 1

0.9946428 -6.448478E-05 0.1033716 0
0.004136965 0.9992236 -0.03918195 0
-0.1032888 0.03939971 0.9938708 0
-0.5695279 -1.409435 -5.087958 1

0.95179 -0.07684986 -0.296968 0
0.114424 0.9871811 0.1112677 0
0.2846102 -0.1398838 0.9483826 0
-0.2748611 0.07490623 -5.092731 1

0.5592244 0.6426381 -0.5237217 0
-0.7185305 0.690827 0.08044715 0
0.4134995 0.331322 0.8480825 0
-0.4674714 -0.07280076 -5.178695 1

0.00227204 -0.5974007 0.8019398 0
0.5723784 0.65836 0.4888201 0
-0.8199865 0.4579024 0.3434351 0
-0.0911209 -0.03872812 -5.204009 1

-0.470628 -0.3977874 -0.7875751 0
-0.7185293 0.6908286 0.08044588 0
0.512079 0.6037558 -0.6109451 0
-0.6207253 -0.2489134 -5.035171 1

-0.6936988 0.07091671 0.7167655 0
0.5723782 0.6583603 0.4888201 0
-0.4372244 0.7493547 -0.4972947 0
-0.09049807 -0.2024437 -4.98424 1

-0.3807268 0.0278634 -0.9242676 0
-0.0648222 0.9962826 0.05673615 0
0.9224129 0.08151406 -0.3775053 0
-0.4907641 -0.1390661 -4.817687 1

-0.5112597 0.5035169 0.6964802 0
0.4912951 0.8361597 -0.2438563 0
-0.7051542 0.2175032 -0.67487 0
-0.2820593 -0.1828601 -4.786308 1

0.09854659 0.9853225 0.1393868 0
0.257362 -0.1605382 0.9528864 0
0.9612768 -0.05803086 -0.269405 0
-0.4421241 -0.1426257 -4.699607 1

-0.1777865 -0.06663922 -0.9818102 0
0.4593031 0.8767459 -0.1426788 0
0.870306 -0.476315 -0.125266 0
-0.4472335 -0.1592634 -4.795234 1

0.09865046 0.9852756 0.1396436 0
0.2573344 -0.160813 0.9528474 0
0.9612737 -0.05806378 -0.2694095 0
-0.4178806 -0.1424918 -4.715095 1

0.09865046 0.9852756 0.1396436 0
0.2573344 -0.160813 0.9528474 0
0.9612737 -0.05806378 -0.2694095 0
-0.4649701 -0.1441591 -4.697042 1

0.1640747 0.9800958 0.1117665 0
0.2585042 -0.1520621 0.9539669 0
0.9519744 -0.1276298 -0.2783085 0
-0.4926785 -0.148213 -4.699154 1

-0.2770997 -0.9476439 0.1587034 0
-0.4925359 0.2819126 0.8233675 0
-0.8249995 0.1499877 -0.5448663 0
-0.3473754 -0.1185331 -4.69733 1

-0.5550764 0.4355767 0.7086346 0
-0.1540359 0.7833672 -0.6021696 0
-0.8174126 -0.4434054 -0.3677342 0
-0.3332526 -0.1753706 -4.774903 1

-0.2770997 -0.9476439 0.1587034 0
-0.4925359 0.2819126 0.8233675 0
-0.8249995 0.1499877 -0.5448663 0
-0.3658115 -0.1168947 -4.719354 1

-0.2770997 -0.9476439 0.1587034 0
-0.4925359 0.2819126 0.8233675 0
-0.8249995 0.1499877 -0.5448663 0
-0.3284827 -0.1264365 -4.686772 1

-0.2770997 -0.9476439 0.1587034 0
-0.4925359 0.2819126 0.8233675 0
-0.8249995 0.1499877 -0.5448663 0
-0.3056163 -0.1401072 -4.67789 1

0.3506091 -0.3186893 0.8806308 0
-0.2648949 -0.9356681 -0.2331431 0
0.8982784 -0.1515325 -0.412473 0
-0.4456855 -0.1782351 -4.704644 1

0.682741 -0.4645635 -0.5639552 0
0.6646055 0.7155485 0.2151514 0
0.3035858 -0.5217003 0.7972857 0
