MeshAnim
1
120
52
30
0.7301217 -0.002062537 -0.683314 0
-0.05146561 0.9969891 -0.0580004 0
0.6813763 0.07751453 0.7278172 0
-3.736963 -7.982345 -21.34862 1

0.7823684 0.01721982 -0.6225778 0
0.00143704 0.9995651 0.02945274 0
0.6228143 -0.02393756 0.7820035 0
-3.750433 -7.88436 -21.3633 1

0.5009652 0.2179423 -0.8375769 0
-0.2577212 0.9614359 0.09602489 0
0.8262044 0.1677562 0.5378143 0
-3.667295 -8.04894 -21.40751 1

0.8476985 -0.1541509 -0.5075873 0
-0.1570877 0.8409882 -0.5177475 0
0.5066862 0.5186294 0.6886891 0
-3.800534 -8.048563 -21.28281 1

0.8740578 0.03351799 -0.4846644 0
0.08224248 0.9730103 0.215609 0
0.4788103 -0.2283147 0.8477106 0
-3.759123 -7.767616 -21.371 1

0.3657183 0.2847638 -0.8860924 0
0.2484174 0.8876411 0.3877913 0
0.896961 -0.3619431 0.2538863 0
-3.565697 -8.439569 -21.45131 1

0.697574 -0.1323644 -0.7041805 0
0.1580488 0.9870065 -0.02896099 0
0.6988642 -0.09109242 0.7094301 0
-3.741458 -8.39227 -21.07495 1

0.9424348 0.01541348 -0.3340346 0
0.1281815 0.9059778 0.4034523 0
0.3088465 -0.4230445 0.8518493 0
-3.755924 -7.633906 -21.35598 1

0.3130038 0.0001359282 -0.949752 0
-4.302093E-05 1 0.00012898 0
0.949752 5.167676E-07 0.3130037 0
-3.689526 -8.806043 -21.61743 1

0.7129931 0.001567626 -0.7011693 0
-0.002787592 0.9999959 -0.0005988562 0
0.7011655 0.002381522 0.7129946 0
-3.820588 -8.805736 -21.07909 1

0.9347639 0.01990359 -0.3547117 0
0.1080133 0.9352438 0.3371235 0
0.3384519 -0.3534444 0.8720824 0
-3.734206 -7.50107 -21.28858 1

0.9483768 0.1433376 -0.2829059 0
0.005715668 0.8841679 0.4671343 0
0.3170943 -0.4446363 0.8377051 0
-3.79961 -7.555294 -21.29282 1

0.9424842 -0.2094138 -0.2605177 0
0.3004268 0.8723796 0.3856131 0
0.1465176 -0.4417008 0.8851174 0
-3.684525 -7.553411 -21.33361 1

0.3084777 0.06111592 -0.9492663 0
-0.06175233 0.9971154 0.04412927 0
0.9492251 0.04500657 0.3113619 0
-3.568298 -8.910964 -21.58142 1

0.6729266 -0.01484839 -0.7395601 0
-0.02176113 0.9989685 -0.03985712 0
0.7393891 0.04291453 0.6719093 0
-3.734325 -8.910362 -20.98628 1

0.9979612 -0.06197703 -0.01524377 0
0.06382406 0.9686877 0.2399391 0
-0.0001041889 -0.2404228 0.9706683 0
-3.712422 -7.415643 -21.22637 1

0.3670719 0.9236202 0.1103819 0
-0.8904928 0.3146251 0.3286846 0
0.2688508 -0.2189452 0.9379671 0
-3.92789 -7.56422 -21.28005 1

0.1301053 -0.7520278 -0.6461632 0
0.8471906 0.4228968 -0.3216002 0
0.5151125 -0.5055813 0.6921319 0
-3.569863 -7.570745 -21.39062 1

0.02615106 0.790013 -0.6125323 0
-0.8330181 0.3559554 0.4235291 0
0.5526277 0.4991746 0.6674037 0
-4.028486 -7.817335 -21.3103 1

0.3895389 -0.9209663 0.008983433 0
0.8445424 0.3532888 -0.4024119 0
0.3674341 0.1643419 0.9154148 0
-3.534208 -7.776836 -21.5677 1

0.2444756 0.5986047 -0.7628266 0
-0.5992768 0.7117417 0.3664575 0
0.7622985 0.3675544 0.5327334 0
-4.035707 -8.035493 -21.14115 1

0.2519653 -0.9296671 0.2687614 0
0.9500442 0.1847661 -0.2515509 0
0.1842008 0.3187173 0.9297796 0
-3.426638 -8.031156 -21.56522 1

0.2167366 0.8087574 -0.5467511 0
-0.648198 0.5380089 0.5388749 0
0.7299758 0.2376091 0.6408409 0
-4.06694 -8.111968 -21.04369 1

0.2682607 0.6875213 -0.6747969 0
-0.4982444 0.6985277 0.5136261 0
0.8244931 0.1984282 0.529941 0
-4.009091 -8.062558 -21.10419 1

0.1102429 0.5938064 -0.79702 0
-0.6198933 0.6679049 0.4118684 0
0.7769035 0.4486616 0.4417284 0
-4.042795 -8.100198 -21.03339 1

0.08153519 0.9461182 -0.313389 0
-0.7100566 0.2757954 0.6478863 0
0.6994082 0.1696983 0.6942846 0
-4.08236 -8.116282 -21.06026 1

0.08791424 0.9692705 -0.2297523 0
-0.7234011 0.2206847 0.6542088 0
0.684808 0.1086889 0.7205727 0
-4.097044 -8.119771 -21.08394 1

0.02691816 -0.9613991 0.273838 0
0.9777944 -0.03163029 -0.2071654 0
0.2078304 0.2733338 0.9391994 0
-3.394448 -8.149925 -21.53089 1

0.2290361 -0.9547022 0.1899636 0
0.9086095 0.1396604 -0.3936037 0
0.3492441 0.2627522 0.8994389 0
-3.432148 -8.060811 -21.52167 1

0.1721725 -0.9474753 0.2695318 0
0.9629321 0.1042029 -0.2488048 0
0.2076505 0.302378 0.9302952 0
-3.392733 -8.136628 -21.50543 1

-0.139981 -0.9668189 0.2136979 0
0.9745278 -0.1727167 -0.1430547 0
0.1752173 0.1882294 0.966369 0
-3.400021 -8.151129 -21.55321 1

-0.1891589 -0.9668884 0.1713061 0
0.9674348 -0.2133874 -0.1361472 0
0.1681938 0.139974 0.9757655 0
-3.410009 -8.148046 -21.57928 1

-0.06107911 0.943866 -0.3246329 0
-0.6803008 0.1986279 0.7055057 0
0.7303839 0.2639397 0.6299806 0
-4.074773 -8.141196 -21.02393 1

0.2755824 0.678043 -0.6814045 0
-0.4993359 0.7066882 0.5012541 0
0.8214124 0.202113 0.533322 0
-3.990882 -8.09844 -21.07904 1

-0.0588983 0.764429 -0.6420124 0
-0.6285159 0.4712579 0.6187762 0
0.7755636 0.4399596 0.4526993 0
-4.047086 -8.123308 -21.00237 1

-0.3387324 0.9397447 0.0462639 0
-0.6338096 -0.2642457 0.7269523 0
0.6953745 0.2169199 0.6851279 0
-4.085296 -8.150353 -21.04897 1

-0.4493219 0.875901 0.1758038 0
-0.577939 -0.4350533 0.6904458 0
0.6812464 0.2086286 0.7016965 0
-4.10068 -8.159866 -21.07444 1

-0.4670906 -0.8022035 0.3718815 0
0.8569139 -0.514383 -0.03329927 0
0.2180024 0.3031167 0.9276829 0
-3.393475 -8.18467 -21.52099 1

0.1907206 -0.9709773 -0.1443208 0
0.9396722 0.2231129 -0.2593014 0
0.2839757 -0.08616006 0.9549525 0
-3.435599 -8.093288 -21.48725 1

-0.1199085 -0.9423873 0.3122948 0
0.9706265 -0.1773704 -0.1625556 0
0.2085823 0.2836299 0.9359744 0
-3.386032 -8.173503 -21.49494 1

-0.6912504 -0.649461 0.3168176 0
0.6941198 -0.7186788 0.04121205 0
0.2009247 0.2483972 0.9475909 0
-3.405062 -8.185946 -21.54551 1

-0.754135 -0.5653952 0.3340791 0
0.6198305 -0.7808896 0.07760069 0
0.2170037 0.2655937 0.9393451 0
-3.417834 -8.188043 -21.57219 1

-0.06107919 0.943866 -0.324633 0
-0.6803006 0.1986279 0.7055057 0
0.7303839 0.2639397 0.6299806 0
-4.07266 -8.173851 -21.0127 1

0.2755659 0.6780403 -0.6814138 0
-0.4993447 0.7066848 0.5012499 0
0.8214126 0.2021331 0.5333141 0
-3.974353 -8.131344 -21.05528 1

-0.0588983 0.764429 -0.6420124 0
-0.6285158 0.471258 0.6187761 0
0.7755637 0.4399597 0.4526992 0
-4.045074 -8.149415 -20.98044 1

-0.3387322 0.9397447 0.04626389 0
-0.6338096 -0.2642456 0.7269522 0
0.6953745 0.2169196 0.6851279 0
-4.074093 -8.181435 -21.0505 1

-0.4493219 0.8759011 0.1758039 0
-0.5779392 -0.4350533 0.6904457 0
0.6812464 0.2086285 0.7016964 0
-4.089021 -8.182594 -21.079 1

-0.4670906 -0.8022035 0.3718815 0
0.8569139 -0.514383 -0.03329927 0
0.2180024 0.3031167 0.9276829 0
-3.409636 -8.212424 -21.50812 1

0.1907249 -0.9709793 -0.1443021 0
0.9396696 0.2231124 -0.2593113 0
0.2839816 -0.08613913 0.9549528 0
-3.441975 -8.132308 -21.46835 1

-0.1199085 -0.9423873 0.3122948 0
0.9706265 -0.1773704 -0.1625556 0
0.2085823 0.2836299 0.9359744 0
-3.390127 -8.205688 -21.48428 1

-0.6912504 -0.649461 0.3168176 0
0.6941198 -0.7186788 0.04121205 0
0.2009247 0.2483972 0.9475909 0
-3.427924 -8.207425 -21.53504 1

-0.754135 -0.5653952 0.3340791 0
0.6198305 -0.7808896 0.07760069 0
0.2170037 0.2655937 0.9393451 0
-3.437402 -8.202714 -21.56352 1

0.7284498 -0.002627715 -0.6850941 0
-0.05057882 0.9970574 -0.05760394 0
0.6832296 0.07661283 0.7261734 0
-3.737026 -7.982311 -21.34854 1

0.7808939 0.01694629 -0.6244338 0
0.00216271 0.9995525 0.02983111 0
0.6246599 -0.0246454 0.7805079 0
-3.750431 -7.884309 -21.36317 1

0.4989474 0.2171997 -0.838973 0
-0.2581038 0.9613958 0.095396 0
0.8273053 0.1689445 0.535746 0
-3.667571 -8.048962 -21.40762 1

0.8461591 -0.1542237 -0.5101273 0
-0.1581673 0.8414091 -0.5167336 0
0.5089183 0.5179244 0.6875728 0
-3.800505 -8.048482 -21.2826 1

0.8729987 0.03379311 -0.4865504 0
0.08266035 0.9729131 0.2158875 0
0.4806667 -0.2286879 0.8465585 0
-3.759063 -7.767556 -21.3708 1

0.3657689 0.2851661 -0.8859421 0
0.2481172 0.8875771 0.3881298 0
0.8970233 -0.3617832 0.2538935 0
-3.565828 -8.439582 -21.45116 1

0.6974318 -0.133455 -0.7041154 0
0.1591342 0.9868186 -0.0294137 0
0.6987597 -0.09153479 0.709476 0
-3.740998 -8.392356 -21.07514 1

0.9418057 0.01622891 -0.3357657 0
0.1282773 0.9058998 0.4035969 0
0.3107201 -0.423181 0.8510998 0
-3.755838 -7.633853 -21.35573 1

0.3130394 0.0002668044 -0.9497401 0
-8.358248E-05 1 0.0002534324 0
0.9497401 4.447065E-08 0.3130394 0
-3.689532 -8.806034 -21.61742 1

0.7130923 0.001878754 -0.7010676 0
-0.003018249 0.9999954 -0.0003902626 0
0.7010636 0.002394306 0.7130947 0
-3.820582 -8.805737 -21.07909 1

0.9339668 0.02159654 -0.3567068 0
0.106795 0.93569 0.3362724 0
0.3410293 -0.3521616 0.8715969 0
-3.734091 -7.501029 -21.28831 1

0.9476811 0.1442413 -0.2847716 0
0.005957633 0.8839427 0.4675573 0
0.3191629 -0.4447917 0.8368366 0
-3.799464 -7.555299 -21.29245 1

0.9422233 -0.2094011 -0.26147 0
0.3007934 0.8724172 0.3852428 0
0.1474406 -0.441633 0.8849981 0
-3.684455 -7.553316 -21.33345 1

0.3085068 0.06117387 -0.9492531 0
-0.06182902 0.9971092 0.04416355 0
0.9492106 0.04506664 0.3113972 0
-3.568301 -8.910954 -21.58142 1

0.6730352 -0.01453853 -0.7394675 0
-0.02198602 0.9989716 -0.03965145 0
0.7392836 0.04294471 0.6720235 0
-3.734309 -8.910362 -20.98629 1

0.9980747 -0.06048333 -0.01373994 0
0.062011 0.968469 0.2412935 0
-0.001287431 -0.2416809 0.9703549 0
-3.712351 -7.415516 -21.22621 1

0.367404 0.9235303 0.1100284 0
-0.8897165 0.3145328 0.3308678 0
0.2709588 -0.2194563 0.9372407 0
-3.927711 -7.564335 -21.27942 1

0.1302279 -0.7523148 -0.6458044 0
0.8471625 0.4228413 -0.3217468 0
0.5151277 -0.5052007 0.6923984 0
-3.569851 -7.570651 -21.39058 1

0.02419838 0.7899478 -0.6126963 0
-0.8318186 0.3558613 0.4259585 0
0.5545198 0.4993446 0.6657045 0
-4.028397 -7.817425 -21.30957 1

0.388223 -0.9215369 0.007255286 0
0.8448695 0.3527582 -0.4021904 0
0.3680739 0.1622695 0.9155273 0
-3.534163 -7.77682 -21.56756 1

0.2418403 0.5988042 -0.7635096 0
-0.5983368 0.7114872 0.368482 0
0.7638758 0.367722 0.530353 0
-4.035079 -8.035564 -21.14038 1

0.2532647 -0.9303924 0.2650036 0
0.9495127 0.1866437 -0.2521706 0
0.1851564 0.3154902 0.9306896 0
-3.426956 -8.031298 -21.56556 1

0.210056 0.8123149 -0.5440781 0
-0.64805 0.532364 0.5446283 0
0.7320572 0.2381874 0.638247 0
-4.065975 -8.112065 -21.04284 1

0.2716292 0.6883378 -0.6726132 0
-0.4934738 0.6996388 0.5167097 0
0.8262575 0.1915638 0.5297192 0
-4.008336 -8.062627 -21.10351 1

0.1038147 0.5980281 -0.7947232 0
-0.6192124 0.6641585 0.4188907 0
0.7783306 0.4486155 0.4392559 0
-4.041801 -8.100288 -21.03261 1

0.07556289 0.94776 -0.3099052 0
-0.7085452 0.2697147 0.652087 0
0.7016081 0.1703083 0.6919113 0
-4.081447 -8.116383 -21.05936 1

0.08205494 0.9706656 -0.2259984 0
-0.7220103 0.2142096 0.6578872 0
0.6869994 0.1091904 0.7184074 0
-4.096205 -8.119872 -21.08299 1

0.03165803 -0.9626274 0.2689728 0
0.9774327 -0.02641724 -0.2095886 0
0.2088613 0.2695379 0.9400672 0
-3.394601 -8.15016 -21.53171 1

0.2264078 -0.955722 0.1879758 0
0.9110675 0.1395301 -0.3879269 0
0.344522 0.2590884 0.9023181 0
-3.432376 -8.061118 -21.52211 1

0.1768257 -0.9479831 0.2646897 0
0.9618736 0.1094328 -0.2506469 0
0.2086434 0.2989189 0.9311904 0
-3.392864 -8.136954 -21.5062 1

-0.1360304 -0.9683382 0.2093249 0
0.9748936 -0.1684349 -0.1456432 0
0.1762897 0.1842577 0.966939 0
-3.400203 -8.151287 -21.55403 1

-0.1846218 -0.9685161 0.1670066 0
0.9681222 -0.2084856 -0.1388285 0
0.1692762 0.1360521 0.976133 0
-3.410229 -8.148118 -21.58006 1

-0.07200064 0.9460467 -0.3159291 0
-0.6772098 0.1861781 0.7118457 0
0.7322586 0.2652038 0.6272672 0
-4.073567 -8.141421 -21.02318 1

0.2849397 0.6792001 -0.6763849 0
-0.4917218 0.7092885 0.5050936 0
0.8228116 0.1886721 0.536082 0
-3.990315 -8.098708 -21.07851 1

-0.06973791 0.7702065 -0.6339706 0
-0.625599 0.4612495 0.6291857 0
0.7770216 0.4404894 0.449674 0
-4.045842 -8.123564 -21.00168 1

-0.347805 0.9358842 0.05614614 0
-0.626959 -0.2766885 0.7282622 0
0.6971041 0.2180918 0.6829947 0
-4.084168 -8.150513 -21.0482 1

-0.4568281 0.870007 0.185462 0
-0.5701796 -0.4464075 0.689649 0
0.6827909 0.2093044 0.6999918 0
-4.099598 -8.160025 -21.07364 1

-0.4597772 -0.8079169 0.3686126 0
0.8606628 -0.5076661 -0.0391711 0
0.2187792 0.2992413 0.9287575 0
-3.393456 -8.184949 -21.52198 1

0.1908008 -0.9705415 -0.1471196 0
0.9410995 0.2234777 -0.2537508 0
0.2791536 -0.0900382 0.9560159 0
-3.436077 -8.093708 -21.48782 1

-0.1139319 -0.9445909 0.3078437 0
0.9711152 -0.1712746 -0.1661345 0
0.209655 0.2800237 0.93682 0
-3.385982 -8.173849 -21.4959 1

-0.6855569 -0.6564912 0.3146916 0
0.6995941 -0.7136704 0.03525099 0
0.2014441 0.244323 0.9485391 0
-3.405101 -8.186158 -21.54649 1

-0.7488939 -0.5731593 0.3326355 0
0.6260926 -0.776445 0.07170054 0
0.2171774 0.2619568 0.9403257 0
-3.417866 -8.188183 -21.57316 1

-0.07200078 0.9460467 -0.3159292 0
-0.6772099 0.1861782 0.7118458 0
0.7322586 0.2652038 0.6272672 0
-4.071076 -8.174152 -21.01225 1

0.2849233 0.6791976 -0.6763944 0
-0.4917306 0.7092854 0.5050892 0
0.8228122 0.1886921 0.5360743 0
-3.974225 -8.131966 -21.05495 1

-0.06973791 0.7702065 -0.6339706 0
-0.6255989 0.4612494 0.6291858 0
0.7770216 0.4404893 0.449674 0
-4.04346 -8.149868 -20.98003 1

-0.3478047 0.9358843 0.05614614 0
-0.6269591 -0.2766884 0.7282621 0
0.6971043 0.2180917 0.6829947 0
-4.072665 -8.181465 -21.05005 1

-0.4568281 0.870007 0.185462 0
-0.5701796 -0.4464075 0.6896489 0
0.6827909 0.2093043 0.6999917 0
-4.087745 -8.1826 -21.07846 1

-0.4597772 -0.8079169 0.3686126 0
0.8606628 -0.5076662 -0.0391711 0
0.2187792 0.2992413 0.9287575 0
-3.409364 -8.212901 -21.50923 1

0.1908049 -0.9705435 -0.1471009 0
0.9410969 0.2234772 -0.2537605 0
0.2791594 -0.09001718 0.9560161 0
-3.442573 -8.132796 -21.4691 1

-0.1139319 -0.9445909 0.3078437 0
0.9711152 -0.1712746 -0.1661345 0
0.209655 0.2800237 0.93682 0
-3.389873 -8.206108 -21.48539 1

-0.6855569 -0.6564912 0.3146916 0
0.6995941 -0.7136704 0.03525099 0
0.2014441 0.244323 0.9485391 0
-3.427775 -8.20787 -21.53608 1

-0.7488939 -0.5731593 0.3326355 0
0.6260926 -0.776445 0.07170054 0
0.2171774 0.2619568 0.9403257 0
-3.437299 -8.203055 -21.56453 1

0.7268829 -0.003241379 -0.6867538 0
-0.04932261 0.9971602 -0.05691113 0
0.684988 0.07524022 0.7246588 0
-3.737097 -7.982264 -21.34851 1

0.7792634 0.01648017 -0.6264798 0
0.003349274 0.9995304 0.03045972 0
0.6266875 -0.02583442 0.7788423 0
-3.750399 -7.884234 -21.36305 1

0.4974982 0.2163515 -0.8400521 0
-0.25839 0.9613997 0.09457945 0
0.8280883 0.170008 0.5341976 0
-3.667869 -8.048976 -21.40779 1

0.844669 -0.1543922 -0.51254 0
-0.1590966 0.8418228 -0.515774 0
0.5110993 0.5172017 0.6864983 0
-3.800518 -8.048385 -21.28246 1

0.8714116 0.03371228 -0.4893929 0
0.083837 0.9727237 0.2162869 0
0.4833355 -0.2295042 0.8448163 0
-3.758921 -7.767467 -21.37059 1

0.365873 0.2856727 -0.8857359 0
0.247647 0.8875263 0.3885462 0
0.8971109 -0.3615085 0.2539758 0
-3.566018 -8.439606 -21.45099 1

0.6972539 -0.1344484 -0.7041028 0
0.1599751 0.9866656 -0.02998471 0
0.6987453 -0.09173191 0.7094648 0
-3.740641 -8.392423 -21.07538 1

0.9405162 0.01670823 -0.3393377 0
0.1295793 0.905652 0.4037372 0
0.3140675 -0.4236925 0.8496153 0
-3.755583 -7.633777 -21.35543 1

0.3130425 0.0001336676 -0.9497391 0
-4.152558E-05 1 0.000127089 0
0.9497391 -3.816094E-07 0.3130425 0
-3.689526 -8.806043 -21.61743 1

0.713065 0.002203246 -0.7010945 0
-0.003353124 0.9999944 -0.0002677846 0
0.70109 0.002541897 0.7130683 0
-3.820579 -8.805737 -21.07909 1

0.9330508 0.02309825 -0.3590025 0
0.1061598 0.9358166 0.3361208 0
0.3437242 -0.3517295 0.8707123 0
-3.733614 -7.500994 -21.288 1

0.9464589 0.1452346 -0.2883096 0
0.007076964 0.8835362 0.4683094 0
0.3227466 -0.445276 0.8352029 0
-3.798988 -7.555277 -21.29193 1

0.9415143 -0.2089511 -0.2643679 0
0.301668 0.8722442 0.3849498 0
0.1501577 -0.4421871 0.8842643 0
-3.684136 -7.553236 -21.33337 1

0.3083123 0.06116161 -0.949317 0
-0.06176387 0.9971125 0.04418171 0
0.9492781 0.04501165 0.3111995 0
-3.5683 -8.910964 -21.58142 1

0.6730118 -0.01422272 -0.7394949 0
-0.02232201 0.9989692 -0.03952838 0
0.7392949 0.04311017 0.6720006 0
-3.734267 -8.910345 -20.98631 1

0.9982256 -0.05866407 -0.01020598 0
0.05938338 0.9681531 0.2432143 0
-0.004387051 -0.2433887 0.9699188 0
-3.711855 -7.415453 -21.22595 1

0.3678561 0.9233363 0.1101455 0
-0.8884603 0.3140357 0.3346939 0
0.2744454 -0.2209792 0.9358675 0
-3.927176 -7.564425 -21.27842 1

0.1286442 -0.7527004 -0.6456724 0
0.8463584 0.4226603 -0.3240924 0
0.5168446 -0.5047776 0.6914271 0
-3.569695 -7.570499 -21.39085 1

0.02127561 0.7904417 -0.6121677 0
-0.8301314 0.3551975 0.4297867 0
0.5571618 0.4990357 0.6637276 0
-4.027986 -7.817462 -21.3086 1

0.3870154 -0.9220678 0.003183901 0
0.8438455 0.3527874 -0.4043093 0
0.3716773 0.1591607 0.9146169 0
-3.534441 -7.776774 -21.56779 1

0.2377394 0.5999044 -0.7639338 0
-0.597347 0.7104738 0.372026 0
0.765935 0.3678883 0.5272587 0
-4.033861 -8.035739 -21.13955 1

0.2544561 -0.9320282 0.2580223 0
0.9486328 0.1886842 -0.2539567 0
0.18801 0.3093895 0.9321644 0
-3.427568 -8.031398 -21.56692 1

0.2023115 0.8163311 -0.5409933 0
-0.6473588 0.525988 0.5516003 0
0.7348446 0.2386218 0.6348727 0
-4.064233 -8.112379 -21.04196 1

0.2732987 0.6894797 -0.670765 0
-0.489004 0.7000708 0.5203614 0
0.8283616 0.1857927 0.5284868 0
-4.006922 -8.062816 -21.10284 1

0.09606636 0.60288 -0.7920272 0
-0.6183755 0.6596747 0.4271314 0
0.7799892 0.4487373 0.4361788 0
-4.040025 -8.100591 -21.03183 1

0.06799392 0.9499063 -0.3050491 0
-0.7063078 0.2617764 0.6577251 0
0.7046319 0.1707374 0.6887255 0
-4.079776 -8.116693 -21.05841 1

0.07513759 0.972227 -0.2216516 0
-0.7196956 0.206728 0.6627985 0
0.6902121 0.1097208 0.7152404 0
-4.094639 -8.120172 -21.08198 1

0.03704597 -0.9645049 0.261454 0
0.9766181 -0.02049961 -0.2140023 0
0.2117659 0.2632687 0.9411933 0
-3.39506 -8.150469 -21.53395 1

0.2244713 -0.9576501 0.1803303 0
0.9116649 0.1410098 -0.3859836 0
0.3442089 0.2510431 0.9047087 0
-3.432838 -8.061508 -21.52364 1

0.1817039 -0.949292 0.2565705 0
0.960334 0.11518 -0.2539532 0
0.2115239 0.2925378 0.9325661 0
-3.393247 -8.137432 -21.50837 1

-0.1305928 -0.9705905 0.202237 0
0.9750863 -0.162631 -0.1508569 0
0.1793103 0.1774977 0.9676479 0
-3.400733 -8.151451 -21.55626 1

-0.1797895 -0.9705988 0.1600439 0
0.9685147 -0.2031357 -0.1439271 0
0.1722061 0.1291284 0.9765608 0
-3.410844 -8.148113 -21.58225 1

-0.08319332 0.9481596 -0.3067119 0
-0.6731573 0.173475 0.7188641 0
0.7348047 0.26627 0.6238287 0
-4.071545 -8.141881 -21.02241 1

0.2930871 0.6807306 -0.6713462 0
-0.4841024 0.7111778 0.5097758 0
0.8244665 0.1755917 0.5379804 0
-3.989013 -8.099071 -21.07801 1

-0.08102399 0.7758644 -0.6256752 0
-0.6221108 0.4510824 0.6399241 0
0.7787255 0.4410887 0.4461251 0
-4.043763 -8.124054 -21.001 1

-0.3569531 0.9316973 0.06726684 0
-0.6189633 -0.2898415 0.7299837 0
0.6996206 0.2189341 0.6801462 0
-4.082225 -8.150902 -21.04742 1

-0.4641563 0.8638012 0.1959746 0
-0.5612325 -0.457981 0.6893992 0
0.6852567 0.2100018 0.6973683 0
-4.097747 -8.160389 -21.07281 1

-0.4515348 -0.8146232 0.3640133 0
0.8643484 -0.5005882 -0.04809517 0
0.2214002 0.2929176 0.9301511 0
-3.393721 -8.185327 -21.5245 1

0.1889096 -0.9697366 -0.1546746 0
0.9418883 0.2234873 -0.2507982 0
0.277776 -0.09830795 0.9556025 0
-3.436629 -8.094371 -21.48963 1

-0.1055633 -0.9480562 0.3000762 0
0.9714223 -0.1628278 -0.172701 0
0.212591 0.27327 0.9381517 0
-3.386175 -8.174378 -21.49838 1

-0.6781772 -0.665405 0.3119484 0
0.7060758 -0.7076773 0.0254924 0
0.203796 0.2375477 0.9497571 0
-3.405436 -8.186403 -21.54898 1

-0.742608 -0.5823646 0.3307341 0
0.6328589 -0.7717801 0.06200963 0
0.2191416 0.2553571 0.9416845 0
-3.418281 -8.188264 -21.57563 1

-0.08319334 0.9481596 -0.3067119 0
-0.6731573 0.173475 0.7188641 0
0.7348047 0.26627 0.6238286 0
-4.068667 -8.174685 -21.0118 1

0.2930707 0.6807284 -0.6713557 0
-0.4841112 0.7111747 0.5097715 0
0.8244671 0.1756118 0.5379727 0
-3.973316 -8.132673 -21.05467 1

-0.08102399 0.7758644 -0.6256752 0
-0.6221108 0.4510823 0.639924 0
0.7787255 0.4410887 0.4461251 0
-4.040997 -8.150551 -20.97964 1

-0.3569528 0.9316973 0.06726688 0
-0.6189634 -0.2898414 0.7299839 0
0.6996208 0.2189341 0.6801462 0
-4.070419 -8.181716 -21.04965 1

-0.4641563 0.8638012 0.1959746 0
-0.5612325 -0.457981 0.6893992 0
0.6852567 0.2100018 0.6973683 0
-4.085703 -8.182803 -21.0779 1

-0.4515348 -0.8146232 0.3640133 0
0.8643485 -0.5005883 -0.04809532 0
0.2214001 0.2929177 0.9301512 0
-3.409343 -8.213511 -21.51191 1

0.1889136 -0.9697388 -0.1546559 0
0.9418858 0.2234871 -0.2508081 0
0.277782 -0.09828705 0.9556029 0
-3.443232 -8.133594 -21.47123 1

-0.1055633 -0.9480562 0.3000762 0
0.9714223 -0.1628278 -0.172701 0
0.212591 0.27327 0.9381517 0
-3.38978 -8.206756 -21.48814 1

-0.6781772 -0.665405 0.3119484 0
0.7060758 -0.7076773 0.0254924 0
0.203796 0.2375477 0.9497571 0
-3.427865 -8.20841 -21.53866 1

-0.742608 -0.5823646 0.3307341 0
0.6328589 -0.7717801 0.06200963 0
0.2191416 0.2553571 0.9416845 0
-3.437551 -8.203375 -21.56705 1

0.7260828 -0.00348472 -0.6875985 0
-0.04853465 0.9972332 -0.05630503 0
0.6858923 0.07425446 0.7239047 0
-3.737162 -7.982333 -21.34849 1

0.7779802 0.01624459 -0.6280788 0
0.004221566 0.999508 0.03108033 0
0.6282747 -0.02683135 0.7775288 0
-3.750396 -7.884284 -21.36296 1

0.4966863 0.2155105 -0.8407485 0
-0.2586729 0.9614169 0.09362631 0
0.8284872 0.1709759 0.5332693 0
-3.66806 -8.049071 -21.40788 1

0.8434426 -0.154109 -0.5146408 0
-0.160515 0.8419176 -0.5151793 0
0.5126789 0.5171316 0.6853723 0
-3.800562 -8.048436 -21.2824 1

0.8695406 0.03373808 -0.4927078 0
0.0851218 0.9724942 0.2168161 0
0.4864704 -0.2304705 0.8427514 0
-3.75884 -7.767506 -21.3704 1

0.3660603 0.2863589 -0.8854369 0
0.2474667 0.8872644 0.3892584 0
0.8970842 -0.3616082 0.2539278 0
-3.566098 -8.439715 -21.45069 1

0.6970268 -0.1355635 -0.7041137 0
0.1611987 0.9864553 -0.03034665 0
0.6986907 -0.09234978 0.7094384 0
-3.740115 -8.392512 -21.07554 1

0.9386343 0.01734596 -0.3444777 0
0.1315846 0.9051908 0.4041226 0
0.3188279 -0.4246512 0.8473606 0
-3.755381 -7.63383 -21.35514 1

0.3130854 0.0001378031 -0.949725 0
-4.251441E-05 1 0.0001311009 0
0.949725 -6.876653E-07 0.3130854 0
-3.68953 -8.806042 -21.61743 1

0.7129719 0.002384297 -0.7011886 0
-0.00361382 0.9999934 -0.0002741753 0
0.7011834 0.002729527 0.7129758 0
-3.820567 -8.805729 -21.07911 1

0.9317766 0.02396411 -0.3622407 0
0.1063727 0.9360012 0.3355395 0
0.3470986 -0.3511804 0.8695948 0
-3.733073 -7.501124 -21.28767 1

0.9448009 0.1458499 -0.2933928 0
0.009449944 0.8829556 0.4693616 0
0.327509 -0.4462256 0.8328388 0
-3.798455 -7.555418 -21.29131 1

0.9401095 -0.2089108 -0.2693521 0
0.3038079 0.8718506 0.3841579 0
0.1545799 -0.4429818 0.8831038 0
-3.683833 -7.553299 -21.33337 1

0.3081724 0.06131302 -0.9493527 0
-0.06185429 0.9971008 0.04431806 0
0.9493176 0.04506388 0.3110714 0
-3.568305 -8.910963 -21.58141 1

0.672918 -0.01405236 -0.7395836 0
-0.02258764 0.998963 -0.03953232 0
0.7393722 0.04330743 0.6719028 0
-3.734215 -8.910314 -20.98633 1

0.9983832 -0.05658903 -0.005388051 0
0.05618014 0.9678108 0.2453283 0
-0.008668453 -0.2452343 0.9694251 0
-3.711185 -7.415547 -21.22571 1

0.3684604 0.9231575 0.1096231 0
-0.886621 0.3134993 0.3400315 0
0.2795358 -0.2224823 0.9340029 0
-3.926563 -7.564618 -21.27709 1

0.1260006 -0.7525966 -0.6463144 0
0.8447995 0.4229318 -0.3277845 0
0.5200365 -0.5047049 0.6890829 0
-3.56969 -7.570535 -21.39145 1

0.01719388 0.7905955 -0.6120972 0
-0.827697 0.3546887 0.4348721 0
0.5609119 0.4991539 0.660472 0
-4.027539 -7.817606 -21.30713 1

0.3864217 -0.9223214 -0.001160383 0
0.8419623 0.3532669 -0.4078016 0
0.3765341 0.1566063 0.91307 0
-3.53516 -7.776782 -21.56857 1

0.2322821 0.6010343 -0.764724 0
-0.595794 0.7093836 0.3765695 0
0.7688139 0.3681476 0.5228698 0
-4.032287 -8.035925 -21.1381 1

0.2557296 -0.9336137 0.2509335 0
0.9472846 0.1901696 -0.257852 0
0.1930142 0.3036459 0.9330299 0
-3.428452 -8.031475 -21.56889 1

0.1943285 0.8197936 -0.5386789 0
-0.6454982 0.520367 0.5590619 0
0.738626 0.2390745 0.6302974 0
-4.061962 -8.11271 -21.04041 1

0.2749243 0.6907915 -0.6687479 0
-0.484648 0.7002879 0.524131 0
0.8303813 0.1800112 0.5273169 0
-4.005088 -8.063013 -21.10159 1

0.08669037 0.6073631 -0.7896802 0
-0.6169111 0.6551279 0.4361516 0
0.7822439 0.4493522 0.431482 0
-4.037703 -8.100905 -21.03041 1

0.06125894 0.9515955 -0.3011868 0
-0.7028145 0.2553883 0.6639494 0
0.7087309 0.1710057 0.68444 0
-4.077603 -8.117023 -21.05676 1

0.06913413 0.9735489 -0.217768 0
-0.7161241 0.2004056 0.6685835 0
0.6945407 0.109727 0.7110366 0
-4.092608 -8.12049 -21.08025 1

0.04199199 -0.9662062 0.2543263 0
0.9753078 -0.0155997 -0.2202985 0
0.2168212 0.2572972 0.9416935 0
-3.395781 -8.150749 -21.53683 1

0.2231769 -0.9597789 0.1703412 0
0.9104094 0.1427837 -0.3882883 0
0.3483489 0.2417371 0.9056578 0
-3.433494 -8.061851 -21.52578 1

0.1866799 -0.9504837 0.2484574 0
0.9582559 0.1204211 -0.2593158 0
0.2165558 0.2864949 0.9332869 0
-3.39383 -8.13787 -21.51118 1

-0.1252361 -0.9725527 0.1961048 0
0.9748083 -0.1573933 -0.158039 0
0.1845667 0.1713724 0.9677638 0
-3.401573 -8.151593 -21.55912 1

-0.1746786 -0.9725469 0.1537522 0
0.9685341 -0.1978316 -0.1510123 0
0.1772835 0.1225356 0.9765018 0
-3.411822 -8.148096 -21.58503 1

-0.093752 0.9498734 -0.2982471 0
-0.6678816 0.1621564 0.7263883 0
0.7383394 0.2672941 0.6192001 0
-4.068985 -8.142337 -21.02094 1

0.301846 0.6830338 -0.6650969 0
-0.4758791 0.7124564 0.5156985 0
0.8260921 0.1608442 0.5400936 0
-3.987288 -8.099443 -21.07694 1

-0.09304297 0.7807436 -0.6178853 0
-0.6175037 0.4415621 0.6509318 0
0.7810456 0.4421111 0.4410276 0
-4.041077 -8.124543 -20.99968 1

-0.3641906 0.928102 0.07740495 0
-0.6105424 -0.3006859 0.7326841 0
0.7032804 0.2195778 0.6761527 0
-4.079809 -8.151291 -21.04592 1

-0.4694762 0.8585324 0.2061895 0
-0.5522085 -0.4677171 0.6901498 0
0.6889544 0.2101494 0.6936708 0
-4.095468 -8.160763 -21.07124 1

-0.442453 -0.8211988 0.360372 0
0.8678186 -0.4933867 -0.05882749 0
0.2261118 0.286709 0.930952 0
-3.394263 -8.185668 -21.52764 1

0.1851757 -0.9689868 -0.1636291 0
0.942115 0.2224098 -0.250905 0
0.2795162 -0.1076957 0.9540819 0
-3.437218 -8.095027 -21.49206 1

-0.09586462 -0.9514354 0.2925416 0
0.9713005 -0.1536849 -0.1815399 0
0.2176826 0.2667424 0.9388627 0
-3.386564 -8.174862 -21.50151 1

-0.6705531 -0.6734796 0.3111016 0
0.7119735 -0.7020506 0.01478356 0
0.2084525 0.2314093 0.9502618 0
-3.406083 -8.186617 -21.55206 1

-0.7352879 -0.5917168 0.3304895 0
0.6399488 -0.7667212 0.05102915 0
0.2231984 0.2490175 0.9424293 0
-3.419048 -8.188327 -21.57867 1

-0.09375196 0.9498733 -0.2982472 0
-0.6678814 0.1621564 0.7263882 0
0.7383394 0.2672941 0.6192001 0
-4.065742 -8.1752 -21.01062 1

0.3018296 0.6830318 -0.6651064 0
-0.4758879 0.7124536 0.5156941 0
0.826093 0.1608644 0.5400863 0
-3.972018 -8.133438 -21.05389 1

-0.09304297 0.7807436 -0.6178853 0
-0.6175037 0.4415621 0.6509318 0
0.7810456 0.4421111 0.4410276 0
-4.037899 -8.151207 -20.97858 1

-0.3641905 0.9281021 0.07740512 0
-0.6105424 -0.3006858 0.7326843 0
0.7032804 0.2195776 0.6761525 0
-4.067764 -8.181987 -21.04848 1

-0.4694761 0.8585324 0.2061895 0
-0.5522085 -0.4677171 0.6901498 0
0.6889544 0.2101492 0.693671 0
-4.083286 -8.183041 -21.07659 1

-0.442453 -0.8211988 0.360372 0
0.8678185 -0.4933867 -0.05882755 0
0.2261118 0.286709 0.930952 0
-3.409571 -8.21408 -21.51517 1

0.1851799 -0.9689891 -0.1636103 0
0.9421124 0.2224096 -0.250915 0
0.2795222 -0.1076748 0.9540825 0
-3.443917 -8.134387 -21.474 1

-0.09586462 -0.9514354 0.2925416 0
0.9713005 -0.1536849 -0.1815399 0
0.2176826 0.2667424 0.9388627 0
-3.389838 -8.207355 -21.49152 1

-0.6705531 -0.6734796 0.3111016 0
0.7119735 -0.7020506 0.01478356 0
0.2084525 0.2314093 0.9502618 0
-3.42826 -8.208891 -21.54177 1

-0.7352879 -0.5917168 0.3304895 0
0.6399488 -0.7667212 0.05102915 0
0.2231984 0.2490175 0.9424293 0
-3.438127 -8.203681 -21.57009 1

0.7256989 -0.003489679 -0.6880037 0
-0.0477085 0.9973248 -0.05538104 0
0.6863564 0.07301359 0.723591 0
-3.737205 -7.982455 -21.34842 1

0.7768486 0.01602156 -0.6294837 0
0.005238809 0.9994773 0.03190382 0
0.6296658 -0.02808217 0.7763585 0
-3.750363 -7.884382 -21.3628 1

0.4966853 0.2146443 -0.8409706 0
-0.2587997 0.9614865 0.09255451 0
0.8284482 0.1716725 0.5331061 0
-3.668193 -8.049199 -21.40792 1

0.8423926 -0.153624 -0.5165023 0
-0.16212 0.8418416 -0.5148008 0
0.5138988 0.5173997 0.6842555 0
-3.800625 -8.048563 -21.28236 1

0.8674043 0.03346443 -0.4964777 0
0.086872 0.9722298 0.2173073 0
0.4899625 -0.2316233 0.8404091 0
-3.758708 -7.767589 -21.37013 1

0.3662673 0.2873065 -0.8850442 0
0.2472688 0.8868902 0.3902356 0
0.8970543 -0.3617744 0.253797 0
-3.56618 -8.439878 -21.45029 1

0.6968924 -0.1366922 -0.7040287 0
0.162562 0.9862248 -0.03056832 0
0.6985089 -0.0931455 0.7095134 0
-3.73953 -8.392611 -21.07565 1

0.9362589 0.01755158 -0.3508722 0
0.1345375 0.9046988 0.4042522 0
0.3245289 -0.4256901 0.844671 0
-3.755072 -7.633929 -21.35477 1

0.313177 9.056437E-05 -0.9496948 0
-2.837344E-05 0.9999999 8.600974E-05 0
0.9496949 7.462222E-08 0.3131771 0
-3.689528 -8.806046 -21.61744 1

0.7128803 0.002373857 -0.7012817 0
-0.00374748 0.9999928 -0.0004244372 0
0.7012758 0.002930583 0.7128842 0
-3.820552 -8.805717 -21.07912 1

0.9300431 0.02436163 -0.3666422 0
0.1075444 0.9360607 0.3349993 0
0.3513606 -0.3509941 0.8679569 0
-3.732274 -7.501306 -21.2873 1

0.9427772 0.145247 -0.300124 0
0.01364833 0.8825632 0.4699954 0
0.333144 -0.4471972 0.8300784 0
-3.797691 -7.555583 -21.29055 1

0.9382079 -0.2096418 -0.275348 0
0.3070477 0.8712941 0.3828423 0
0.1596493 -0.4437306 0.881825 0
-3.68336 -7.553439 -21.3334 1

0.3080736 0.06134747 -0.9493824 0
-0.06185574 0.9970989 0.04435871 0
0.9493495 0.04505901 0.3109745 0
-3.568309 -8.910967 -21.58141 1

0.6728168 -0.01407927 -0.7396751 0
-0.02272248 0.9989539 -0.03968307 0
0.7394601 0.04350671 0.6717931 0
-3.734175 -8.910276 -20.98635 1

0.9985051 -0.05465875 -6.052852E-05 0
0.0529774 0.9675156 0.2471985 0
-0.01345289 -0.2468321 0.9689649 0
-3.710133 -7.415717 -21.22545 1

0.3696229 0.9228192 0.1085528 0
-0.88412 0.3133491 0.3466182 0
0.285851 -0.2240917 0.9317039 0
-3.925701 -7.56468 -21.27541 1

0.1228932 -0.751808 -0.6478288 0
0.8430843 0.4234617 -0.3314959 0
0.5235518 -0.5054355 0.685878 0
-3.569598 -7.570746 -21.3922 1

0.01258823 0.7908759 -0.6118474 0
-0.8242556 0.3546156 0.4414188 0
0.5660779 0.4987619 0.6563478 0
-4.026996 -7.817575 -21.30516 1

0.3850136 -0.9228928 -0.00578554 0
0.8404025 0.3531772 -0.4110839 0
0.3814296 0.1534106 0.9115793 0
-3.535919 -7.776776 -21.56973 1

0.2273275 0.600637 -0.7665231 0
-0.5923889 0.7100356 0.3806896 0
0.7729151 0.3675384 0.5172215 0
-4.030472 -8.035971 -21.1362 1

0.2567241 -0.9352147 0.2438573 0
0.9457958 0.1911732 -0.2625326 0
0.1989054 0.2980376 0.9336008 0
-3.4296 -8.031628 -21.57133 1

0.1877366 0.8219575 -0.5377184 0
-0.6418682 0.5170533 0.5662695 0
0.7434784 0.2388349 0.624658 0
-4.059514 -8.112705 -21.03827 1

0.2766566 0.6908164 -0.6680076 0
-0.4759536 0.702392 0.5292577 0
0.834823 0.171518 0.5231178 0
-4.003036 -8.063077 -21.09988 1

0.07838127 0.6099966 -0.7885181 0
-0.6135293 0.6529412 0.4441277 0
0.7857723 0.4489677 0.4254292 0
-4.035172 -8.100922 -21.02846 1

0.05649224 0.9524975 -0.2992615 0
-0.6979894 0.2519977 0.6703042 0
0.7138764 0.1710143 0.6790692 0
-4.075276 -8.117007 -21.05452 1

0.06498985 0.974402 -0.215214 0
-0.7114044 0.196481 0.6747584 0
0.6997713 0.1092517 0.7059633 0
-4.090455 -8.120466 -21.07789 1

0.04720815 -0.9677973 0.2472652 0
0.9737332 -0.01061298 -0.2274457 0
0.2227453 0.2515076 0.941875 0
-3.396802 -8.151107 -21.54018 1

0.2202797 -0.9616888 0.1631922 0
0.9103566 0.1425992 -0.38848 0
0.3503257 0.2341373 0.9068913 0
-3.434395 -8.062254 -21.52837 1

0.1920455 -0.9515663 0.2400837 0
0.9558387 0.125907 -0.2655561 0
0.2224661 0.2804801 0.9337238 0
-3.394686 -8.138379 -21.51447 1

-0.1210354 -0.9743369 0.189784 0
0.9742547 -0.1532363 -0.1653691 0
0.1902069 0.1648823 0.9677991 0
-3.402731 -8.151816 -21.56243 1

-0.1692994 -0.9744542 0.1475696 0
0.9683928 -0.1923031 -0.1588558 0
0.1831759 0.1160112 0.9762113 0
-3.413137 -8.148161 -21.58826 1

-0.1020427 0.9511834 -0.2912687 0
-0.6614792 0.153807 0.7340222 0
0.742989 0.2675697 0.6134933 0
-4.066298 -8.14241 -21.01884 1

0.310136 0.6826606 -0.6616572 0
-0.4641531 0.7161158 0.521287 0
0.8296854 0.1454405 0.5389523 0
-3.98539 -8.099732 -21.07545 1

-0.1032012 0.7843808 -0.6116343 0
-0.6113277 0.4350473 0.6610691 0
0.7846197 0.442132 0.4346164 0
-4.038223 -8.124662 -20.99777 1

-0.368847 0.925515 0.08587338 0
-0.6021208 -0.3082981 0.7364802 0
0.7080979 0.2199423 0.6709865 0
-4.077311 -8.151308 -21.04374 1

-0.4728563 0.8542581 0.2159868 0
-0.5432575 -0.4756311 0.691843 0
0.6937423 0.2098057 0.6889871 0
-4.093143 -8.160774 -21.06899 1

-0.4326342 -0.8278587 0.3570406 0
0.8713008 -0.4856801 -0.07035679 0
0.2316529 0.2806511 0.9314356 0
-3.395096 -8.186083 -21.53124 1

0.1813322 -0.9684457 -0.1709729 0
0.942683 0.2206947 -0.250286 0
0.2801211 -0.1157882 0.9529561 0
-3.438183 -8.095658 -21.49488 1

-0.08548035 -0.9547508 0.2848578 0
0.9709126 -0.1440008 -0.191292 0
0.2236561 0.2602204 0.939289 0
-3.387212 -8.175414 -21.50512 1

-0.6631339 -0.6812686 0.3100432 0
0.7173986 -0.6966535 0.003622025 0
0.2135251 0.2248265 0.9507157 0
-3.407089 -8.186904 -21.5556 1

-0.7273292 -0.6013656 0.3306837 0
0.6473027 -0.7612134 0.03941685 0
0.228017 0.2427215 0.9429182 0
-3.42014 -8.188471 -21.58215 1

-0.1020427 0.9511834 -0.2912687 0
-0.6614793 0.153807 0.7340223 0
0.7429891 0.2675698 0.6134931 0
-4.062768 -8.17532 -21.00876 1

0.3101193 0.6826589 -0.6616667 0
-0.4641623 0.7161133 0.5212827 0
0.8296866 0.1454608 0.5389449 0
-3.970561 -8.134089 -21.05265 1

-0.1032012 0.7843808 -0.6116343 0
-0.6113276 0.4350475 0.6610691 0
0.7846197 0.4421319 0.4346163 0
-4.034698 -8.15145 -20.97688 1

-0.3688467 0.9255149 0.08587345 0
-0.6021208 -0.3082981 0.7364802 0
0.708098 0.219942 0.6709865 0
-4.065112 -8.181918 -21.04658 1

-0.4728563 0.8542581 0.2159869 0
-0.5432576 -0.475631 0.691843 0
0.6937424 0.2098057 0.6889871 0
-4.080873 -8.18294 -21.07459 1

-0.4326342 -0.8278587 0.3570406 0
0.8713008 -0.4856801 -0.07035679 0
0.2316529 0.280651 0.9314355 0
-3.410064 -8.214725 -21.51889 1

0.1813363 -0.9684482 -0.1709541 0
0.9426805 0.2206946 -0.2502959 0
0.2801272 -0.1157674 0.9529569 0
-3.445012 -8.135124 -21.4771 1

-0.08548035 -0.9547508 0.2848578 0
0.9709126 -0.1440008 -0.191292 0
0.2236561 0.2602204 0.939289 0
-3.390131 -8.20802 -21.49539 1

-0.6631339 -0.6812686 0.3100432 0
0.7173986 -0.6966535 0.003622025 0
0.2135251 0.2248265 0.9507157 0
-3.429022 -8.209435 -21.54534 1

-0.7273292 -0.6013656 0.3306837 0
0.6473027 -0.7612134 0.03941685 0
0.228017 0.2427215 0.9429182 0
-3.439013 -8.204075 -21.57357 1

0.7256756 -0.003751284 -0.6880268 0
-0.04670765 0.9974097 -0.05470162 0
0.6864498 0.07183174 0.7236207 0
-3.737189 -7.982504 -21.3484 1

0.7758456 0.01566544 -0.6307282 0
0.006365858 0.9994465 0.03265383 0
0.6308906 -0.02934946 0.7753165 0
-3.750249 -7.884408 -21.36271 1

0.4971288 0.2136769 -0.840955 0
-0.2585829 0.9616475 0.09148272 0
0.8282499 0.1719779 0.5333158 0
-3.668246 -8.049278 -21.40794 1

0.8418983 -0.1532364 -0.5174224 0
-0.1629536 0.8418837 -0.5144686 0
0.5144448 0.517446 0.6838101 0
-3.800674 -8.048594 -21.28238 1

0.8650528 0.033367 -0.5005699 0
0.08865654 0.9719144 0.2179964 0
0.493785 -0.2329572 0.8377991 0
-3.75848 -7.767601 -21.36994 1

0.3664341 0.2883283 -0.8846427 0
0.2469346 0.8865441 0.3912325 0
0.8970783 -0.3618098 0.2536618 0
-3.566319 -8.440025 -21.44988 1

0.6968707 -0.1374289 -0.7039067 0
0.1632391 0.986102 -0.03091658 0
0.6983724 -0.09336025 0.7096193 0
-3.739242 -8.39266 -21.0758 1

0.9335068 0.01832555 -0.3580908 0
0.1375217 0.9040187 0.404769 0
0.3311384 -0.4270999 0.8413875 0
-3.754667 -7.633963 -21.35444 1

0.3132228 2.772314E-05 -0.9496796 0
-8.353498E-06 1 2.648076E-05 0
0.9496797 -3.337627E-07 0.3132228 0
-3.689528 -8.806049 -21.61744 1

0.7128371 0.002200617 -0.7013263 0
-0.003798831 0.9999924 -0.0007234118 0
0.7013193 0.003179832 0.7128401 0
-3.820546 -8.805712 -21.07912 1

0.9278665 0.02550489 -0.3720391 0
0.1083622 0.9361685 0.3344339 0
0.3568211 -0.350625 0.8658757 0
-3.731369 -7.501452 -21.28692 1

0.9403249 0.1453533 -0.307671 0
0.01783764 0.8818766 0.4711425 0
0.33981 -0.4485151 0.8266579 0
-3.7968 -7.555735 -21.28976 1

0.9361721 -0.2097436 -0.2821158 0
0.3101475 0.8705943 0.3819349 0
0.1655 -0.4450542 0.8800775 0
-3.682805 -7.553496 -21.33349 1

0.3079054 0.06142015 -0.9494324 0
-0.06186983 0.9970945 0.04443887 0
0.9494033 0.04505829 0.3108107 0
-3.568311 -8.910971 -21.5814 1

0.6727138 -0.01433422 -0.739764 0
-0.02272759 0.9989402 -0.04002382 0
0.7395537 0.04373762 0.671675 0
-3.734157 -8.910239 -20.98632 1

0.9985769 -0.05296181 0.006252676 0
0.04974887 0.9673413 0.2485472 0
-0.01921204 -0.2478824 0.9685996 0
-3.708971 -7.415841 -21.22519 1

0.3706006 0.9225169 0.107785 0
-0.8813934 0.3127128 0.3540567 0
0.2929175 -0.2262147 0.928992 0
-3.924685 -7.564809 -21.27358 1

0.1193446 -0.7513705 -0.6489985 0
0.841063 0.4238738 -0.3360715 0
0.5276077 -0.5057403 0.6825372 0
-3.569462 -7.57078 -21.3931 1

0.007270008 0.7912298 -0.6114757 0
-0.8210661 0.353764 0.4479973 0
0.5707868 0.498805 0.6522238 0
-4.026247 -7.817622 -21.30312 1

0.3837606 -0.9233574 -0.0117956 0
0.837945 0.3535729 -0.4157333 0
0.3880411 0.1496581 0.9094101 0
-3.536755 -7.77669 -21.57095 1

0.2204028 0.6024035 -0.7671587 0
-0.5909521 0.7081895 0.3863196 0
0.7760142 0.3682082 0.5120788 0
-4.028255 -8.036116 -21.13426 1

0.2588101 -0.9366987 0.2358236 0
0.9437244 0.1931632 -0.2684624 0
0.205916 0.2920331 0.9339781 0
-3.430781 -8.031671 -21.57421 1

0.1779435 0.8261668 -0.5345879 0
-0.6395506 0.5099714 0.5752426 0
0.7478709 0.2395354 0.6191217 0
-4.056412 -8.113075 -21.03625 1

0.2771108 0.6929177 -0.6656383 0
-0.4709807 0.7017904 0.5344785 0
0.8374883 0.1653931 0.5208247 0
-4.000495 -8.063229 -21.09819 1

0.06778902 0.6145331 -0.7859731 0
-0.6119359 0.6478136 0.453731 0
0.787997 0.4502072 0.4199696 0
-4.032022 -8.101259 -21.0266 1

0.04787526 0.9544846 -0.2943922 0
-0.6936081 0.2438515 0.6778231 0
0.7187598 0.1717419 0.6737129 0
-4.072287 -8.117381 -21.05239 1

0.05768619 0.97584 -0.2107333 0
-0.706997 0.1889648 0.6815041 0
0.7048601 0.1096743 0.7008166 0
-4.087632 -8.120831 -21.07565 1

0.05416764 -0.9694719 0.2391451 0
0.9717185 -0.003949264 -0.2361092 0
0.2298457 0.2451711 0.9418397 0
-3.397717 -8.151339 -21.54408 1

0.2190393 -0.9634436 0.1542659 0
0.9088965 0.1439702 -0.3913819 0
0.3548647 0.2259396 0.9072058 0
-3.435242 -8.062576 -21.53141 1

0.198626 -0.9526228 0.2303412 0
0.9528143 0.1326462 -0.2730383 0
0.2295488 0.2737052 0.9340198 0
-3.39541 -8.138778 -21.5183 1

-0.1138902 -0.9765714 0.1825856 0
0.9737163 -0.1462091 -0.1746412 0
0.1972451 0.1578968 0.967555 0
-3.403815 -8.151906 -21.56629 1

-0.1628975 -0.9764953 0.1411436 0
0.9680977 -0.1857977 -0.1681256 0
0.1903979 0.1092535 0.9756086 0
-3.414418 -8.148086 -21.59202 1

-0.1127805 0.9526393 -0.2824157 0
-0.6551108 0.1424105 0.7419898 0
0.7470678 0.2686956 0.6080234 0
-4.062843 -8.142933 -21.01693 1

0.3179549 0.6854468 -0.6550324 0
-0.4551818 0.7164152 0.5287329 0
0.8316935 0.1300455 0.5397907 0
-3.982914 -8.100079 -21.07401 1

-0.1159081 0.7888228 -0.6035925 0
-0.6060856 0.4252705 0.6721643 0
0.7869086 0.443738 0.4288022 0
-4.03466 -8.125176 -20.99601 1

-0.3767152 0.9212026 0.09731977 0
-0.5920032 -0.3202259 0.7395861 0
0.712473 0.2209996 0.6659889 0
-4.07401 -8.151754 -21.04178 1

-0.4779963 0.8485937 0.2267337 0
-0.5331068 -0.4854315 0.6929309 0
0.6980804 0.2103449 0.6844256 0
-4.090018 -8.161198 -21.06693 1

-0.4214051 -0.8351444 0.3534847 0
0.8749941 -0.4768717 -0.08353883 0
0.2383338 0.2740935 0.9317026 0
-3.395759 -8.186376 -21.53544 1

0.1780461 -0.9675881 -0.1790883 0
0.9423315 0.220069 -0.2521531 0
0.283392 -0.1238657 0.9509712 0
-3.438948 -8.096248 -21.49818 1

-0.07367748 -0.9583088 0.2760729 0
0.9702011 -0.1329487 -0.2025695 0
0.2308276 0.2529213 0.9395475 0
-3.387679 -8.175854 -21.50934 1

-0.6530303 -0.6913025 0.3092771 0
0.7247369 -0.6889574 -0.009708524 0
0.2197901 0.2178046 0.9509223 0
-3.407916 -8.187074 -21.55972 1

-0.7181889 -0.6118376 0.3314508 0
0.6553208 -0.7548865 0.02647811 0
0.2340073 0.2362227 0.9431009 0
-3.421156 -8.18848 -21.58618 1

-0.1127805 0.9526392 -0.2824158 0
-0.6551109 0.1424106 0.7419899 0
0.7470679 0.2686957 0.6080233 0
-4.058941 -8.175892 -21.00716 1

0.3179383 0.6854454 -0.6550418 0
